Time [s]	Biesel [m]	Stokes II 	Cnoidal
0.000000	0.059101	0.056629	0.010420
0.100000	0.071207	0.075736	0.029058
0.200000	0.080577	0.091417	0.046418
0.300000	0.086850	0.102351	0.061252
0.400000	0.089786	0.107588	0.072344
0.500000	0.089271	0.106664	0.078698
0.600000	0.085326	0.099662	0.079706
0.700000	0.078101	0.087198	0.075272
0.800000	0.067875	0.070347	0.065823
0.900000	0.055041	0.050512	0.052231
1.000000	0.040091	0.029251	0.035652
1.100000	0.023601	0.008100	0.017344
1.200000	0.006204	-0.011598	-0.001507
1.300000	-0.011432	-0.028825	-0.019894
1.400000	-0.028628	-0.042964	-0.037052
1.500000	-0.044724	-0.053820	-0.052460
1.600000	-0.059101	-0.061573	-0.065809
1.700000	-0.071207	-0.066679	-0.076953
1.800000	-0.080577	-0.069737	-0.085858
1.900000	-0.086850	-0.071349	-0.092553
2.000000	-0.089786	-0.071984	-0.097095
2.100000	-0.089271	-0.071878	-0.099538
2.200000	-0.085326	-0.070989	-0.099915
2.300000	-0.078101	-0.069005	-0.098234
2.400000	-0.067875	-0.065403	-0.094470
2.500000	-0.055041	-0.059570	-0.088573
2.600000	-0.040091	-0.050931	-0.080486
2.700000	-0.023601	-0.039102	-0.070165
2.800000	-0.006204	-0.024006	-0.057616
2.900000	0.011432	-0.005962	-0.042939
3.000000	0.028628	0.014292	-0.026375
3.100000	0.044724	0.035627	-0.008364
3.200000	0.059101	0.056629	0.010420
3.300000	0.071207	0.075736	0.029058
3.400000	0.080577	0.091417	0.046418
3.500000	0.086850	0.102351	0.061252
3.600000	0.089786	0.107588	0.072344
3.700000	0.089271	0.106664	0.078698
3.800000	0.085326	0.099662	0.079706
3.900000	0.078101	0.087198	0.075272
4.000000	0.067875	0.070347	0.065823
4.100000	0.055041	0.050512	0.052231
4.200000	0.040091	0.029251	0.035652
4.300000	0.023601	0.008100	0.017344
4.400000	0.006204	-0.011598	-0.001507
4.500000	-0.011432	-0.028825	-0.019894
4.600000	-0.028628	-0.042964	-0.037052
4.700000	-0.044724	-0.053820	-0.052460
4.800000	-0.059101	-0.061573	-0.065809
4.900000	-0.071207	-0.066679	-0.076953
5.000000	-0.080577	-0.069737	-0.085858
5.100000	-0.086850	-0.071349	-0.092553
5.200000	-0.089786	-0.071984	-0.097095
5.300000	-0.089271	-0.071878	-0.099538
5.400000	-0.085326	-0.070989	-0.099915
5.500000	-0.078101	-0.069005	-0.098234
5.600000	-0.067875	-0.065403	-0.094470
5.700000	-0.055041	-0.059570	-0.088573
5.800000	-0.040091	-0.050931	-0.080486
5.900000	-0.023601	-0.039102	-0.070165
6.000000	-0.006204	-0.024006	-0.057616
6.100000	0.011432	-0.005962	-0.042939
6.200000	0.028628	0.014292	-0.026375
6.300000	0.044724	0.035627	-0.008364
6.400000	0.059101	0.056629	0.010420
6.500000	0.071207	0.075736	0.029058
6.600000	0.080577	0.091417	0.046418
6.700000	0.086850	0.102351	0.061252
6.800000	0.089786	0.107588	0.072344
6.900000	0.089271	0.106664	0.078698
7.000000	0.085326	0.099662	0.079706
7.100000	0.078101	0.087198	0.075272
7.200000	0.067875	0.070347	0.065823
7.300000	0.055041	0.050512	0.052231
7.400000	0.040091	0.029251	0.035652
7.500000	0.023601	0.008100	0.017344
7.600000	0.006204	-0.011598	-0.001507
7.700000	-0.011432	-0.028825	-0.019894
7.800000	-0.028628	-0.042964	-0.037052
7.900000	-0.044724	-0.053820	-0.052460
8.000000	-0.059101	-0.061573	-0.065809
8.100000	-0.071207	-0.066679	-0.076953
8.200000	-0.080577	-0.069737	-0.085858
8.300000	-0.086850	-0.071349	-0.092553
8.400000	-0.089786	-0.071984	-0.097095
8.500000	-0.089271	-0.071878	-0.099538
8.600000	-0.085326	-0.070989	-0.099915
8.700000	-0.078101	-0.069005	-0.098234
8.800000	-0.067875	-0.065403	-0.094470
8.900000	-0.055041	-0.059570	-0.088573
9.000000	-0.040091	-0.050931	-0.080486
9.100000	-0.023601	-0.039102	-0.070165
9.200000	-0.006204	-0.024006	-0.057616
9.300000	0.011432	-0.005962	-0.042939
9.400000	0.028628	0.014292	-0.026375
9.500000	0.044724	0.035627	-0.008364
9.600000	0.059101	0.056629	0.010420
9.700000	0.071207	0.075736	0.029058
9.800000	0.080577	0.091417	0.046418
9.900000	0.086850	0.102351	0.061252
10.000000	0.089786	0.107588	0.072344
10.100000	0.089271	0.106664	0.078698
10.200000	0.085326	0.099662	0.079706
10.300000	0.078101	0.087198	0.075272
10.400000	0.067875	0.070347	0.065823
10.500000	0.055041	0.050512	0.052231
10.600000	0.040091	0.029251	0.035652
10.700000	0.023601	0.008100	0.017344
10.800000	0.006204	-0.011598	-0.001507
10.900000	-0.011432	-0.028825	-0.019894
11.000000	-0.028628	-0.042964	-0.037052
11.100000	-0.044724	-0.053820	-0.052460
11.200000	-0.059101	-0.061573	-0.065809
11.300000	-0.071207	-0.066679	-0.076953
11.400000	-0.080577	-0.069737	-0.085858
11.500000	-0.086850	-0.071349	-0.092553
11.600000	-0.089786	-0.071984	-0.097095
11.700000	-0.089271	-0.071878	-0.099538
11.800000	-0.085326	-0.070989	-0.099915
11.900000	-0.078101	-0.069005	-0.098234
12.000000	-0.067875	-0.065403	-0.094470
12.100000	-0.055041	-0.059570	-0.088573
12.200000	-0.040091	-0.050931	-0.080486
12.300000	-0.023601	-0.039102	-0.070165
12.400000	-0.006204	-0.024006	-0.057616
12.500000	0.011432	-0.005962	-0.042939
12.600000	0.028628	0.014292	-0.026375
12.700000	0.044724	0.035627	-0.008364
12.800000	0.059101	0.056629	0.010420
12.900000	0.071207	0.075736	0.029058
13.000000	0.080577	0.091417	0.046418
13.100000	0.086850	0.102351	0.061252
13.200000	0.089786	0.107588	0.072344
13.300000	0.089271	0.106664	0.078698
13.400000	0.085326	0.099662	0.079706
13.500000	0.078101	0.087198	0.075272
13.600000	0.067875	0.070347	0.065823
13.700000	0.055041	0.050512	0.052231
13.800000	0.040091	0.029251	0.035652
13.900000	0.023601	0.008100	0.017344
14.000000	0.006204	-0.011598	-0.001507
14.100000	-0.011432	-0.028825	-0.019894
14.200000	-0.028628	-0.042964	-0.037052
14.300000	-0.044724	-0.053820	-0.052460
14.400000	-0.059101	-0.061573	-0.065809
14.500000	-0.071207	-0.066679	-0.076953
14.600000	-0.080577	-0.069737	-0.085858
14.700000	-0.086850	-0.071349	-0.092553
14.800000	-0.089786	-0.071984	-0.097095
14.900000	-0.089271	-0.071878	-0.099538
15.000000	-0.085326	-0.070989	-0.099915
15.100000	-0.078101	-0.069005	-0.098234
15.200000	-0.067875	-0.065403	-0.094470
15.300000	-0.055041	-0.059570	-0.088573
15.400000	-0.040091	-0.050931	-0.080486
15.500000	-0.023601	-0.039102	-0.070165
15.600000	-0.006204	-0.024006	-0.057616
15.700000	0.011432	-0.005962	-0.042939
15.800000	0.028628	0.014292	-0.026375
15.900000	0.044724	0.035627	-0.008364
16.000000	0.059101	0.056629	0.010420
16.100000	0.071207	0.075736	0.029058
16.200000	0.080577	0.091417	0.046418
16.300000	0.086850	0.102351	0.061252
16.400000	0.089786	0.107588	0.072344
16.500000	0.089271	0.106664	0.078698
16.600000	0.085326	0.099662	0.079706
16.700000	0.078101	0.087198	0.075272
16.800000	0.067875	0.070347	0.065823
16.900000	0.055041	0.050512	0.052231
17.000000	0.040091	0.029251	0.035652
17.100000	0.023601	0.008100	0.017344
17.200000	0.006204	-0.011598	-0.001507
17.300000	-0.011432	-0.028825	-0.019894
17.400000	-0.028628	-0.042964	-0.037052
17.500000	-0.044724	-0.053820	-0.052460
17.600000	-0.059101	-0.061573	-0.065809
17.700000	-0.071207	-0.066679	-0.076953
17.800000	-0.080577	-0.069737	-0.085858
17.900000	-0.086850	-0.071349	-0.092553
18.000000	-0.089786	-0.071984	-0.097095
18.100000	-0.089271	-0.071878	-0.099538
18.200000	-0.085326	-0.070989	-0.099915
18.300000	-0.078101	-0.069005	-0.098234
18.400000	-0.067875	-0.065403	-0.094470
18.500000	-0.055041	-0.059570	-0.088573
18.600000	-0.040091	-0.050931	-0.080486
18.700000	-0.023601	-0.039102	-0.070165
18.800000	-0.006204	-0.024006	-0.057616
18.900000	0.011432	-0.005962	-0.042939
19.000000	0.028628	0.014292	-0.026375
19.100000	0.044724	0.035627	-0.008364
19.200000	0.059101	0.056629	0.010420
19.300000	0.071207	0.075736	0.029058
19.400000	0.080577	0.091417	0.046418
19.500000	0.086850	0.102351	0.061252
19.600000	0.089786	0.107588	0.072344
19.700000	0.089271	0.106664	0.078698
19.800000	0.085326	0.099662	0.079706
19.900000	0.078101	0.087198	0.075272
20.000000	0.067875	0.070347	0.065823
20.100000	0.055041	0.050512	0.052231
20.200000	0.040091	0.029251	0.035652
20.300000	0.023601	0.008100	0.017344
20.400000	0.006204	-0.011598	-0.001507
20.500000	-0.011432	-0.028825	-0.019894
20.600000	-0.028628	-0.042964	-0.037052
20.700000	-0.044724	-0.053820	-0.052460
20.800000	-0.059101	-0.061573	-0.065809
20.900000	-0.071207	-0.066679	-0.076953
21.000000	-0.080577	-0.069737	-0.085858
21.100000	-0.086850	-0.071349	-0.092553
21.200000	-0.089786	-0.071984	-0.097095
21.300000	-0.089271	-0.071878	-0.099538
21.400000	-0.085326	-0.070989	-0.099915
21.500000	-0.078101	-0.069005	-0.098234
21.600000	-0.067875	-0.065403	-0.094470
21.700000	-0.055041	-0.059570	-0.088573
21.800000	-0.040091	-0.050931	-0.080486
21.900000	-0.023601	-0.039102	-0.070165
22.000000	-0.006204	-0.024006	-0.057616
22.100000	0.011432	-0.005962	-0.042939
22.200000	0.028628	0.014292	-0.026375
22.300000	0.044724	0.035627	-0.008364
22.400000	0.059101	0.056629	0.010420
22.500000	0.071207	0.075736	0.029058
22.600000	0.080577	0.091417	0.046418
22.700000	0.086850	0.102351	0.061252
22.800000	0.089786	0.107588	0.072344
22.900000	0.089271	0.106664	0.078698
23.000000	0.085326	0.099662	0.079706
23.100000	0.078101	0.087198	0.075272
23.200000	0.067875	0.070347	0.065823
23.300000	0.055041	0.050512	0.052231
23.400000	0.040091	0.029251	0.035652
23.500000	0.023601	0.008100	0.017344
23.600000	0.006204	-0.011598	-0.001507
23.700000	-0.011432	-0.028825	-0.019894
23.800000	-0.028628	-0.042964	-0.037052
23.900000	-0.044724	-0.053820	-0.052460
24.000000	-0.059101	-0.061573	-0.065809
24.100000	-0.071207	-0.066679	-0.076953
24.200000	-0.080577	-0.069737	-0.085858
24.300000	-0.086850	-0.071349	-0.092553
24.400000	-0.089786	-0.071984	-0.097095
24.500000	-0.089271	-0.071878	-0.099538
24.600000	-0.085326	-0.070989	-0.099915
24.700000	-0.078101	-0.069005	-0.098234
24.800000	-0.067875	-0.065403	-0.094470
24.900000	-0.055041	-0.059570	-0.088573
25.000000	-0.040091	-0.050931	-0.080486
25.100000	-0.023601	-0.039102	-0.070165
25.200000	-0.006204	-0.024006	-0.057616
25.300000	0.011432	-0.005962	-0.042939
25.400000	0.028628	0.014292	-0.026375
25.500000	0.044724	0.035627	-0.008364
25.600000	0.059101	0.056629	0.010420
25.700000	0.071207	0.075736	0.029058
25.800000	0.080577	0.091417	0.046418
25.900000	0.086850	0.102351	0.061252
26.000000	0.089786	0.107588	0.072344
26.100000	0.089271	0.106664	0.078698
26.200000	0.085326	0.099662	0.079706
26.300000	0.078101	0.087198	0.075272
26.400000	0.067875	0.070347	0.065823
26.500000	0.055041	0.050512	0.052231
26.600000	0.040091	0.029251	0.035652
26.700000	0.023601	0.008100	0.017344
26.800000	0.006204	-0.011598	-0.001507
26.900000	-0.011432	-0.028825	-0.019894
27.000000	-0.028628	-0.042964	-0.037052
27.100000	-0.044724	-0.053820	-0.052460
27.200000	-0.059101	-0.061573	-0.065809
27.300000	-0.071207	-0.066679	-0.076953
27.400000	-0.080577	-0.069737	-0.085858
27.500000	-0.086850	-0.071349	-0.092553
27.600000	-0.089786	-0.071984	-0.097095
27.700000	-0.089271	-0.071878	-0.099538
27.800000	-0.085326	-0.070989	-0.099915
27.900000	-0.078101	-0.069005	-0.098234
28.000000	-0.067875	-0.065403	-0.094470
28.100000	-0.055041	-0.059570	-0.088573
28.200000	-0.040091	-0.050931	-0.080486
28.300000	-0.023601	-0.039102	-0.070165
28.400000	-0.006204	-0.024006	-0.057616
28.500000	0.011432	-0.005962	-0.042939
28.600000	0.028628	0.014292	-0.026375
28.700000	0.044724	0.035627	-0.008364
28.800000	0.059101	0.056629	0.010420
28.900000	0.071207	0.075736	0.029058
29.000000	0.080577	0.091417	0.046418
29.100000	0.086850	0.102351	0.061252
29.200000	0.089786	0.107588	0.072344
29.300000	0.089271	0.106664	0.078698
29.400000	0.085326	0.099662	0.079706
29.500000	0.078101	0.087198	0.075272
29.600000	0.067875	0.070347	0.065823
29.700000	0.055041	0.050512	0.052231
29.800000	0.040091	0.029251	0.035652
29.900000	0.023601	0.008100	0.017344
30.000000	0.006204	-0.011598	-0.001507
30.100000	-0.011432	-0.028825	-0.019894
30.200000	-0.028628	-0.042964	-0.037052
30.300000	-0.044724	-0.053820	-0.052460
30.400000	-0.059101	-0.061573	-0.065809
30.500000	-0.071207	-0.066679	-0.076953
30.600000	-0.080577	-0.069737	-0.085858
30.700000	-0.086850	-0.071349	-0.092553
30.800000	-0.089786	-0.071984	-0.097095
30.900000	-0.089271	-0.071878	-0.099538
31.000000	-0.085326	-0.070989	-0.099915
31.100000	-0.078101	-0.069005	-0.098234
31.200000	-0.067875	-0.065403	-0.094470
31.300000	-0.055041	-0.059570	-0.088573
31.400000	-0.040091	-0.050931	-0.080486
31.500000	-0.023601	-0.039102	-0.070165
31.600000	-0.006204	-0.024006	-0.057616
31.700000	0.011432	-0.005962	-0.042939
31.800000	0.028628	0.014292	-0.026375
31.900000	0.044724	0.035627	-0.008364
32.000000	0.059101	0.056629	0.010420
32.100000	0.071207	0.075736	0.029058
32.200000	0.080577	0.091417	0.046418
32.300000	0.086850	0.102351	0.061252
32.400000	0.089786	0.107588	0.072344
32.500000	0.089271	0.106664	0.078698
32.600000	0.085326	0.099662	0.079706
32.700000	0.078101	0.087198	0.075272
32.800000	0.067875	0.070347	0.065823
32.900000	0.055041	0.050512	0.052231
33.000000	0.040091	0.029251	0.035652
33.100000	0.023601	0.008100	0.017344
33.200000	0.006204	-0.011598	-0.001507
33.300000	-0.011432	-0.028825	-0.019894
33.400000	-0.028628	-0.042964	-0.037052
33.500000	-0.044724	-0.053820	-0.052460
33.600000	-0.059101	-0.061573	-0.065809
33.700000	-0.071207	-0.066679	-0.076953
33.800000	-0.080577	-0.069737	-0.085858
33.900000	-0.086850	-0.071349	-0.092553
34.000000	-0.089786	-0.071984	-0.097095
34.100000	-0.089271	-0.071878	-0.099538
34.200000	-0.085326	-0.070989	-0.099915
34.300000	-0.078101	-0.069005	-0.098234
34.400000	-0.067875	-0.065403	-0.094470
34.500000	-0.055041	-0.059570	-0.088573
34.600000	-0.040091	-0.050931	-0.080486
34.700000	-0.023601	-0.039102	-0.070165
34.800000	-0.006204	-0.024006	-0.057616
34.900000	0.011432	-0.005962	-0.042939
35.000000	0.028628	0.014292	-0.026375
35.100000	0.044724	0.035627	-0.008364
35.200000	0.059101	0.056629	0.010420
35.300000	0.071207	0.075736	0.029058
35.400000	0.080577	0.091417	0.046418
35.500000	0.086850	0.102351	0.061252
35.600000	0.089786	0.107588	0.072344
35.700000	0.089271	0.106664	0.078698
35.800000	0.085326	0.099662	0.079706
35.900000	0.078101	0.087198	0.075272
36.000000	0.067875	0.070347	0.065823
36.100000	0.055041	0.050512	0.052231
36.200000	0.040091	0.029251	0.035652
36.300000	0.023601	0.008100	0.017344
36.400000	0.006204	-0.011598	-0.001507
36.500000	-0.011432	-0.028825	-0.019894
36.600000	-0.028628	-0.042964	-0.037052
36.700000	-0.044724	-0.053820	-0.052460
36.800000	-0.059101	-0.061573	-0.065809
36.900000	-0.071207	-0.066679	-0.076953
37.000000	-0.080577	-0.069737	-0.085858
37.100000	-0.086850	-0.071349	-0.092553
37.200000	-0.089786	-0.071984	-0.097095
37.300000	-0.089271	-0.071878	-0.099538
37.400000	-0.085326	-0.070989	-0.099915
37.500000	-0.078101	-0.069005	-0.098234
37.600000	-0.067875	-0.065403	-0.094470
37.700000	-0.055041	-0.059570	-0.088573
37.800000	-0.040091	-0.050931	-0.080486
37.900000	-0.023601	-0.039102	-0.070165
38.000000	-0.006204	-0.024006	-0.057616
38.100000	0.011432	-0.005962	-0.042939
38.200000	0.028628	0.014292	-0.026375
38.300000	0.044724	0.035627	-0.008364
38.400000	0.059101	0.056629	0.010420
38.500000	0.071207	0.075736	0.029058
38.600000	0.080577	0.091417	0.046418
38.700000	0.086850	0.102351	0.061252
38.800000	0.089786	0.107588	0.072344
38.900000	0.089271	0.106664	0.078698
39.000000	0.085326	0.099662	0.079706
39.100000	0.078101	0.087198	0.075272
39.200000	0.067875	0.070347	0.065823
39.300000	0.055041	0.050512	0.052231
39.400000	0.040091	0.029251	0.035652
39.500000	0.023601	0.008100	0.017344
39.600000	0.006204	-0.011598	-0.001507
39.700000	-0.011432	-0.028825	-0.019894
39.800000	-0.028628	-0.042964	-0.037052
39.900000	-0.044724	-0.053820	-0.052460
40.000000	-0.059101	-0.061573	-0.065809
40.100000	-0.071207	-0.066679	-0.076953
40.200000	-0.080577	-0.069737	-0.085858
40.300000	-0.086850	-0.071349	-0.092553
40.400000	-0.089786	-0.071984	-0.097095
40.500000	-0.089271	-0.071878	-0.099538
40.600000	-0.085326	-0.070989	-0.099915
40.700000	-0.078101	-0.069005	-0.098234
40.800000	-0.067875	-0.065403	-0.094470
40.900000	-0.055041	-0.059570	-0.088573
41.000000	-0.040091	-0.050931	-0.080486
41.100000	-0.023601	-0.039102	-0.070165
41.200000	-0.006204	-0.024006	-0.057616
41.300000	0.011432	-0.005962	-0.042939
41.400000	0.028628	0.014292	-0.026375
41.500000	0.044724	0.035627	-0.008364
41.600000	0.059101	0.056629	0.010420
41.700000	0.071207	0.075736	0.029058
41.800000	0.080577	0.091417	0.046418
41.900000	0.086850	0.102351	0.061252
42.000000	0.089786	0.107588	0.072344
42.100000	0.089271	0.106664	0.078698
42.200000	0.085326	0.099662	0.079706
42.300000	0.078101	0.087198	0.075272
42.400000	0.067875	0.070347	0.065823
42.500000	0.055041	0.050512	0.052231
42.600000	0.040091	0.029251	0.035652
42.700000	0.023601	0.008100	0.017344
42.800000	0.006204	-0.011598	-0.001507
42.900000	-0.011432	-0.028825	-0.019894
43.000000	-0.028628	-0.042964	-0.037052
43.100000	-0.044724	-0.053820	-0.052460
43.200000	-0.059101	-0.061573	-0.065809
43.300000	-0.071207	-0.066679	-0.076953
43.400000	-0.080577	-0.069737	-0.085858
43.500000	-0.086850	-0.071349	-0.092553
43.600000	-0.089786	-0.071984	-0.097095
43.700000	-0.089271	-0.071878	-0.099538
43.800000	-0.085326	-0.070989	-0.099915
43.900000	-0.078101	-0.069005	-0.098234
44.000000	-0.067875	-0.065403	-0.094470
44.100000	-0.055041	-0.059570	-0.088573
44.200000	-0.040091	-0.050931	-0.080486
44.300000	-0.023601	-0.039102	-0.070165
44.400000	-0.006204	-0.024006	-0.057616
44.500000	0.011432	-0.005962	-0.042939
44.600000	0.028628	0.014292	-0.026375
44.700000	0.044724	0.035627	-0.008364
44.800000	0.059101	0.056629	0.010420
44.900000	0.071207	0.075736	0.029058
45.000000	0.080577	0.091417	0.046418
45.100000	0.086850	0.102351	0.061252
45.200000	0.089786	0.107588	0.072344
45.300000	0.089271	0.106664	0.078698
45.400000	0.085326	0.099662	0.079706
45.500000	0.078101	0.087198	0.075272
45.600000	0.067875	0.070347	0.065823
45.700000	0.055041	0.050512	0.052231
45.800000	0.040091	0.029251	0.035652
45.900000	0.023601	0.008100	0.017344
46.000000	0.006204	-0.011598	-0.001507
46.100000	-0.011432	-0.028825	-0.019894
46.200000	-0.028628	-0.042964	-0.037052
46.300000	-0.044724	-0.053820	-0.052460
46.400000	-0.059101	-0.061573	-0.065809
46.500000	-0.071207	-0.066679	-0.076953
46.600000	-0.080577	-0.069737	-0.085858
46.700000	-0.086850	-0.071349	-0.092553
46.800000	-0.089786	-0.071984	-0.097095
46.900000	-0.089271	-0.071878	-0.099538
47.000000	-0.085326	-0.070989	-0.099915
47.100000	-0.078101	-0.069005	-0.098234
47.200000	-0.067875	-0.065403	-0.094470
47.300000	-0.055041	-0.059570	-0.088573
47.400000	-0.040091	-0.050931	-0.080486
47.500000	-0.023601	-0.039102	-0.070165
47.600000	-0.006204	-0.024006	-0.057616
47.700000	0.011432	-0.005962	-0.042939
47.800000	0.028628	0.014292	-0.026375
47.900000	0.044724	0.035627	-0.008364
48.000000	0.059101	0.056629	0.010420
48.100000	0.071207	0.075736	0.029058
48.200000	0.080577	0.091417	0.046418
48.300000	0.086850	0.102351	0.061252
48.400000	0.089786	0.107588	0.072344
48.500000	0.089271	0.106664	0.078698
48.600000	0.085326	0.099662	0.079706
48.700000	0.078101	0.087198	0.075272
48.800000	0.067875	0.070347	0.065823
48.900000	0.055041	0.050512	0.052231
49.000000	0.040091	0.029251	0.035652
49.100000	0.023601	0.008100	0.017344
49.200000	0.006204	-0.011598	-0.001507
49.300000	-0.011432	-0.028825	-0.019894
49.400000	-0.028628	-0.042964	-0.037052
49.500000	-0.044724	-0.053820	-0.052460
49.600000	-0.059101	-0.061573	-0.065809
49.700000	-0.071207	-0.066679	-0.076953
49.800000	-0.080577	-0.069737	-0.085858
49.900000	-0.086850	-0.071349	-0.092553
50.000000	-0.089786	-0.071984	-0.097095
50.100000	-0.089271	-0.071878	-0.099538
50.200000	-0.085326	-0.070989	-0.099915
50.300000	-0.078101	-0.069005	-0.098234
50.400000	-0.067875	-0.065403	-0.094470
50.500000	-0.055041	-0.059570	-0.088573
50.600000	-0.040091	-0.050931	-0.080486
50.700000	-0.023601	-0.039102	-0.070165
50.800000	-0.006204	-0.024006	-0.057616
50.900000	0.011432	-0.005962	-0.042939
51.000000	0.028628	0.014292	-0.026375
51.100000	0.044724	0.035627	-0.008364
51.200000	0.059101	0.056629	0.010420
51.300000	0.071207	0.075736	0.029058
51.400000	0.080577	0.091417	0.046418
51.500000	0.086850	0.102351	0.061252
51.600000	0.089786	0.107588	0.072344
51.700000	0.089271	0.106664	0.078698
51.800000	0.085326	0.099662	0.079706
51.900000	0.078101	0.087198	0.075272
52.000000	0.067875	0.070347	0.065823
52.100000	0.055041	0.050512	0.052231
52.200000	0.040091	0.029251	0.035652
52.300000	0.023601	0.008100	0.017344
52.400000	0.006204	-0.011598	-0.001507
52.500000	-0.011432	-0.028825	-0.019894
52.600000	-0.028628	-0.042964	-0.037052
52.700000	-0.044724	-0.053820	-0.052460
52.800000	-0.059101	-0.061573	-0.065809
52.900000	-0.071207	-0.066679	-0.076953
53.000000	-0.080577	-0.069737	-0.085858
53.100000	-0.086850	-0.071349	-0.092553
53.200000	-0.089786	-0.071984	-0.097095
53.300000	-0.089271	-0.071878	-0.099538
53.400000	-0.085326	-0.070989	-0.099915
53.500000	-0.078101	-0.069005	-0.098234
53.600000	-0.067875	-0.065403	-0.094470
53.700000	-0.055041	-0.059570	-0.088573
53.800000	-0.040091	-0.050931	-0.080486
53.900000	-0.023601	-0.039102	-0.070165
54.000000	-0.006204	-0.024006	-0.057616
54.100000	0.011432	-0.005962	-0.042939
54.200000	0.028628	0.014292	-0.026375
54.300000	0.044724	0.035627	-0.008364
54.400000	0.059101	0.056629	0.010420
54.500000	0.071207	0.075736	0.029058
54.600000	0.080577	0.091417	0.046418
54.700000	0.086850	0.102351	0.061252
54.800000	0.089786	0.107588	0.072344
54.900000	0.089271	0.106664	0.078698
55.000000	0.085326	0.099662	0.079706
55.100000	0.078101	0.087198	0.075272
55.200000	0.067875	0.070347	0.065823
55.300000	0.055041	0.050512	0.052231
55.400000	0.040091	0.029251	0.035652
55.500000	0.023601	0.008100	0.017344
55.600000	0.006204	-0.011598	-0.001507
55.700000	-0.011432	-0.028825	-0.019894
55.800000	-0.028628	-0.042964	-0.037052
55.900000	-0.044724	-0.053820	-0.052460
56.000000	-0.059101	-0.061573	-0.065809
56.100000	-0.071207	-0.066679	-0.076953
56.200000	-0.080577	-0.069737	-0.085858
56.300000	-0.086850	-0.071349	-0.092553
56.400000	-0.089786	-0.071984	-0.097095
56.500000	-0.089271	-0.071878	-0.099538
56.600000	-0.085326	-0.070989	-0.099915
56.700000	-0.078101	-0.069005	-0.098234
56.800000	-0.067875	-0.065403	-0.094470
56.900000	-0.055041	-0.059570	-0.088573
57.000000	-0.040091	-0.050931	-0.080486
57.100000	-0.023601	-0.039102	-0.070165
57.200000	-0.006204	-0.024006	-0.057616
57.300000	0.011432	-0.005962	-0.042939
57.400000	0.028628	0.014292	-0.026375
57.500000	0.044724	0.035627	-0.008364
57.600000	0.059101	0.056629	0.010420
57.700000	0.071207	0.075736	0.029058
57.800000	0.080577	0.091417	0.046418
57.900000	0.086850	0.102351	0.061252
58.000000	0.089786	0.107588	0.072344
58.100000	0.089271	0.106664	0.078698
58.200000	0.085326	0.099662	0.079706
58.300000	0.078101	0.087198	0.075272
58.400000	0.067875	0.070347	0.065823
58.500000	0.055041	0.050512	0.052231
58.600000	0.040091	0.029251	0.035652
58.700000	0.023601	0.008100	0.017344
58.800000	0.006204	-0.011598	-0.001507
58.900000	-0.011432	-0.028825	-0.019894
59.000000	-0.028628	-0.042964	-0.037052
59.100000	-0.044724	-0.053820	-0.052460
59.200000	-0.059101	-0.061573	-0.065809
59.300000	-0.071207	-0.066679	-0.076953
59.400000	-0.080577	-0.069737	-0.085858
59.500000	-0.086850	-0.071349	-0.092553
59.600000	-0.089786	-0.071984	-0.097095
59.700000	-0.089271	-0.071878	-0.099538
59.800000	-0.085326	-0.070989	-0.099915
59.900000	-0.078101	-0.069005	-0.098234
60.000000	-0.067875	-0.065403	-0.094470
60.100000	-0.055041	-0.059570	-0.088573
60.200000	-0.040091	-0.050931	-0.080486
60.300000	-0.023601	-0.039102	-0.070165
60.400000	-0.006204	-0.024006	-0.057616
60.500000	0.011432	-0.005962	-0.042939
60.600000	0.028628	0.014292	-0.026375
60.700000	0.044724	0.035627	-0.008364
60.800000	0.059101	0.056629	0.010420
60.900000	0.071207	0.075736	0.029058
61.000000	0.080577	0.091417	0.046418
61.100000	0.086850	0.102351	0.061252
61.200000	0.089786	0.107588	0.072344
61.300000	0.089271	0.106664	0.078698
61.400000	0.085326	0.099662	0.079706
61.500000	0.078101	0.087198	0.075272
61.600000	0.067875	0.070347	0.065823
61.700000	0.055041	0.050512	0.052231
61.800000	0.040091	0.029251	0.035652
61.900000	0.023601	0.008100	0.017344
62.000000	0.006204	-0.011598	-0.001507
62.100000	-0.011432	-0.028825	-0.019894
62.200000	-0.028628	-0.042964	-0.037052
62.300000	-0.044724	-0.053820	-0.052460
62.400000	-0.059101	-0.061573	-0.065809
62.500000	-0.071207	-0.066679	-0.076953
62.600000	-0.080577	-0.069737	-0.085858
62.700000	-0.086850	-0.071349	-0.092553
62.800000	-0.089786	-0.071984	-0.097095
62.900000	-0.089271	-0.071878	-0.099538
63.000000	-0.085326	-0.070989	-0.099915
63.100000	-0.078101	-0.069005	-0.098234
63.200000	-0.067875	-0.065403	-0.094470
63.300000	-0.055041	-0.059570	-0.088573
63.400000	-0.040091	-0.050931	-0.080486
63.500000	-0.023601	-0.039102	-0.070165
63.600000	-0.006204	-0.024006	-0.057616
63.700000	0.011432	-0.005962	-0.042939
63.800000	0.028628	0.014292	-0.026375
63.900000	0.044724	0.035627	-0.008364
64.000000	0.059101	0.056629	0.010420
64.100000	0.071207	0.075736	0.029058
64.200000	0.080577	0.091417	0.046418
64.300000	0.086850	0.102351	0.061252
64.400000	0.089786	0.107588	0.072344
64.500000	0.089271	0.106664	0.078698
64.600000	0.085326	0.099662	0.079706
64.700000	0.078101	0.087198	0.075272
64.800000	0.067875	0.070347	0.065823
64.900000	0.055041	0.050512	0.052231
65.000000	0.040091	0.029251	0.035652
65.100000	0.023601	0.008100	0.017344
65.200000	0.006204	-0.011598	-0.001507
65.300000	-0.011432	-0.028825	-0.019894
65.400000	-0.028628	-0.042964	-0.037052
65.500000	-0.044724	-0.053820	-0.052460
65.600000	-0.059101	-0.061573	-0.065809
65.700000	-0.071207	-0.066679	-0.076953
65.800000	-0.080577	-0.069737	-0.085858
65.900000	-0.086850	-0.071349	-0.092553
66.000000	-0.089786	-0.071984	-0.097095
66.100000	-0.089271	-0.071878	-0.099538
66.200000	-0.085326	-0.070989	-0.099915
66.300000	-0.078101	-0.069005	-0.098234
66.400000	-0.067875	-0.065403	-0.094470
66.500000	-0.055041	-0.059570	-0.088573
66.600000	-0.040091	-0.050931	-0.080486
66.700000	-0.023601	-0.039102	-0.070165
66.800000	-0.006204	-0.024006	-0.057616
66.900000	0.011432	-0.005962	-0.042939
67.000000	0.028628	0.014292	-0.026375
67.100000	0.044724	0.035627	-0.008364
67.200000	0.059101	0.056629	0.010420
67.300000	0.071207	0.075736	0.029058
67.400000	0.080577	0.091417	0.046418
67.500000	0.086850	0.102351	0.061252
67.600000	0.089786	0.107588	0.072344
67.700000	0.089271	0.106664	0.078698
67.800000	0.085326	0.099662	0.079706
67.900000	0.078101	0.087198	0.075272
68.000000	0.067875	0.070347	0.065823
68.100000	0.055041	0.050512	0.052231
68.200000	0.040091	0.029251	0.035652
68.300000	0.023601	0.008100	0.017344
68.400000	0.006204	-0.011598	-0.001507
68.500000	-0.011432	-0.028825	-0.019894
68.600000	-0.028628	-0.042964	-0.037052
68.700000	-0.044724	-0.053820	-0.052460
68.800000	-0.059101	-0.061573	-0.065809
68.900000	-0.071207	-0.066679	-0.076953
69.000000	-0.080577	-0.069737	-0.085858
69.100000	-0.086850	-0.071349	-0.092553
69.200000	-0.089786	-0.071984	-0.097095
69.300000	-0.089271	-0.071878	-0.099538
69.400000	-0.085326	-0.070989	-0.099915
69.500000	-0.078101	-0.069005	-0.098234
69.600000	-0.067875	-0.065403	-0.094470
69.700000	-0.055041	-0.059570	-0.088573
69.800000	-0.040091	-0.050931	-0.080486
69.900000	-0.023601	-0.039102	-0.070165
70.000000	-0.006204	-0.024006	-0.057616
70.100000	0.011432	-0.005962	-0.042939
70.200000	0.028628	0.014292	-0.026375
70.300000	0.044724	0.035627	-0.008364
70.400000	0.059101	0.056629	0.010420
70.500000	0.071207	0.075736	0.029058
70.600000	0.080577	0.091417	0.046418
70.700000	0.086850	0.102351	0.061252
70.800000	0.089786	0.107588	0.072344
70.900000	0.089271	0.106664	0.078698
71.000000	0.085326	0.099662	0.079706
71.100000	0.078101	0.087198	0.075272
71.200000	0.067875	0.070347	0.065823
71.300000	0.055041	0.050512	0.052231
71.400000	0.040091	0.029251	0.035652
71.500000	0.023601	0.008100	0.017344
71.600000	0.006204	-0.011598	-0.001507
71.700000	-0.011432	-0.028825	-0.019894
71.800000	-0.028628	-0.042964	-0.037052
71.900000	-0.044724	-0.053820	-0.052460
72.000000	-0.059101	-0.061573	-0.065809
72.100000	-0.071207	-0.066679	-0.076953
72.200000	-0.080577	-0.069737	-0.085858
72.300000	-0.086850	-0.071349	-0.092553
72.400000	-0.089786	-0.071984	-0.097095
72.500000	-0.089271	-0.071878	-0.099538
72.600000	-0.085326	-0.070989	-0.099915
72.700000	-0.078101	-0.069005	-0.098234
72.800000	-0.067875	-0.065403	-0.094470
72.900000	-0.055041	-0.059570	-0.088573
73.000000	-0.040091	-0.050931	-0.080486
73.100000	-0.023601	-0.039102	-0.070165
73.200000	-0.006204	-0.024006	-0.057616
73.300000	0.011432	-0.005962	-0.042939
73.400000	0.028628	0.014292	-0.026375
73.500000	0.044724	0.035627	-0.008364
73.600000	0.059101	0.056629	0.010420
73.700000	0.071207	0.075736	0.029058
73.800000	0.080577	0.091417	0.046418
73.900000	0.086850	0.102351	0.061252
74.000000	0.089786	0.107588	0.072344
74.100000	0.089271	0.106664	0.078698
74.200000	0.085326	0.099662	0.079706
74.300000	0.078101	0.087198	0.075272
74.400000	0.067875	0.070347	0.065823
74.500000	0.055041	0.050512	0.052231
74.600000	0.040091	0.029251	0.035652
74.700000	0.023601	0.008100	0.017344
74.800000	0.006204	-0.011598	-0.001507
74.900000	-0.011432	-0.028825	-0.019894
75.000000	-0.028628	-0.042964	-0.037052
75.100000	-0.044724	-0.053820	-0.052460
75.200000	-0.059101	-0.061573	-0.065809
75.300000	-0.071207	-0.066679	-0.076953
75.400000	-0.080577	-0.069737	-0.085858
75.500000	-0.086850	-0.071349	-0.092553
75.600000	-0.089786	-0.071984	-0.097095
75.700000	-0.089271	-0.071878	-0.099538
75.800000	-0.085326	-0.070989	-0.099915
75.900000	-0.078101	-0.069005	-0.098234
76.000000	-0.067875	-0.065403	-0.094470
76.100000	-0.055041	-0.059570	-0.088573
76.200000	-0.040091	-0.050931	-0.080486
76.300000	-0.023601	-0.039102	-0.070165
76.400000	-0.006204	-0.024006	-0.057616
76.500000	0.011432	-0.005962	-0.042939
76.600000	0.028628	0.014292	-0.026375
76.700000	0.044724	0.035627	-0.008364
76.800000	0.059101	0.056629	0.010420
76.900000	0.071207	0.075736	0.029058
77.000000	0.080577	0.091417	0.046418
77.100000	0.086850	0.102351	0.061252
77.200000	0.089786	0.107588	0.072344
77.300000	0.089271	0.106664	0.078698
77.400000	0.085326	0.099662	0.079706
77.500000	0.078101	0.087198	0.075272
77.600000	0.067875	0.070347	0.065823
77.700000	0.055041	0.050512	0.052231
77.800000	0.040091	0.029251	0.035652
77.900000	0.023601	0.008100	0.017344
78.000000	0.006204	-0.011598	-0.001507
78.100000	-0.011432	-0.028825	-0.019894
78.200000	-0.028628	-0.042964	-0.037052
78.300000	-0.044724	-0.053820	-0.052460
78.400000	-0.059101	-0.061573	-0.065809
78.500000	-0.071207	-0.066679	-0.076953
78.600000	-0.080577	-0.069737	-0.085858
78.700000	-0.086850	-0.071349	-0.092553
78.800000	-0.089786	-0.071984	-0.097095
78.900000	-0.089271	-0.071878	-0.099538
79.000000	-0.085326	-0.070989	-0.099915
79.100000	-0.078101	-0.069005	-0.098234
79.200000	-0.067875	-0.065403	-0.094470
79.300000	-0.055041	-0.059570	-0.088573
79.400000	-0.040091	-0.050931	-0.080486
79.500000	-0.023601	-0.039102	-0.070165
79.600000	-0.006204	-0.024006	-0.057616
79.700000	0.011432	-0.005962	-0.042939
79.800000	0.028628	0.014292	-0.026375
79.900000	0.044724	0.035627	-0.008364
80.000000	0.059101	0.056629	0.010420
80.100000	0.071207	0.075736	0.029058
80.200000	0.080577	0.091417	0.046418
80.300000	0.086850	0.102351	0.061252
80.400000	0.089786	0.107588	0.072344
80.500000	0.089271	0.106664	0.078698
80.600000	0.085326	0.099662	0.079706
80.700000	0.078101	0.087198	0.075272
80.800000	0.067875	0.070347	0.065823
80.900000	0.055041	0.050512	0.052231
81.000000	0.040091	0.029251	0.035652
81.100000	0.023601	0.008100	0.017344
81.200000	0.006204	-0.011598	-0.001507
81.300000	-0.011432	-0.028825	-0.019894
81.400000	-0.028628	-0.042964	-0.037052
81.500000	-0.044724	-0.053820	-0.052460
81.600000	-0.059101	-0.061573	-0.065809
81.700000	-0.071207	-0.066679	-0.076953
81.800000	-0.080577	-0.069737	-0.085858
81.900000	-0.086850	-0.071349	-0.092553
82.000000	-0.089786	-0.071984	-0.097095
82.100000	-0.089271	-0.071878	-0.099538
82.200000	-0.085326	-0.070989	-0.099915
82.300000	-0.078101	-0.069005	-0.098234
82.400000	-0.067875	-0.065403	-0.094470
82.500000	-0.055041	-0.059570	-0.088573
82.600000	-0.040091	-0.050931	-0.080486
82.700000	-0.023601	-0.039102	-0.070165
82.800000	-0.006204	-0.024006	-0.057616
82.900000	0.011432	-0.005962	-0.042939
83.000000	0.028628	0.014292	-0.026375
83.100000	0.044724	0.035627	-0.008364
83.200000	0.059101	0.056629	0.010420
83.300000	0.071207	0.075736	0.029058
83.400000	0.080577	0.091417	0.046418
83.500000	0.086850	0.102351	0.061252
83.600000	0.089786	0.107588	0.072344
83.700000	0.089271	0.106664	0.078698
83.800000	0.085326	0.099662	0.079706
83.900000	0.078101	0.087198	0.075272
84.000000	0.067875	0.070347	0.065823
84.100000	0.055041	0.050512	0.052231
84.200000	0.040091	0.029251	0.035652
84.300000	0.023601	0.008100	0.017344
84.400000	0.006204	-0.011598	-0.001507
84.500000	-0.011432	-0.028825	-0.019894
84.600000	-0.028628	-0.042964	-0.037052
84.700000	-0.044724	-0.053820	-0.052460
84.800000	-0.059101	-0.061573	-0.065809
84.900000	-0.071207	-0.066679	-0.076953
85.000000	-0.080577	-0.069737	-0.085858
85.100000	-0.086850	-0.071349	-0.092553
85.200000	-0.089786	-0.071984	-0.097095
85.300000	-0.089271	-0.071878	-0.099538
85.400000	-0.085326	-0.070989	-0.099915
85.500000	-0.078101	-0.069005	-0.098234
85.600000	-0.067875	-0.065403	-0.094470
85.700000	-0.055041	-0.059570	-0.088573
85.800000	-0.040091	-0.050931	-0.080486
85.900000	-0.023601	-0.039102	-0.070165
86.000000	-0.006204	-0.024006	-0.057616
86.100000	0.011432	-0.005962	-0.042939
86.200000	0.028628	0.014292	-0.026375
86.300000	0.044724	0.035627	-0.008364
86.400000	0.059101	0.056629	0.010420
86.500000	0.071207	0.075736	0.029058
86.600000	0.080577	0.091417	0.046418
86.700000	0.086850	0.102351	0.061252
86.800000	0.089786	0.107588	0.072344
86.900000	0.089271	0.106664	0.078698
87.000000	0.085326	0.099662	0.079706
87.100000	0.078101	0.087198	0.075272
87.200000	0.067875	0.070347	0.065823
87.300000	0.055041	0.050512	0.052231
87.400000	0.040091	0.029251	0.035652
87.500000	0.023601	0.008100	0.017344
87.600000	0.006204	-0.011598	-0.001507
87.700000	-0.011432	-0.028825	-0.019894
87.800000	-0.028628	-0.042964	-0.037052
87.900000	-0.044724	-0.053820	-0.052460
88.000000	-0.059101	-0.061573	-0.065809
88.100000	-0.071207	-0.066679	-0.076953
88.200000	-0.080577	-0.069737	-0.085858
88.300000	-0.086850	-0.071349	-0.092553
88.400000	-0.089786	-0.071984	-0.097095
88.500000	-0.089271	-0.071878	-0.099538
88.600000	-0.085326	-0.070989	-0.099915
88.700000	-0.078101	-0.069005	-0.098234
88.800000	-0.067875	-0.065403	-0.094470
88.900000	-0.055041	-0.059570	-0.088573
89.000000	-0.040091	-0.050931	-0.080486
89.100000	-0.023601	-0.039102	-0.070165
89.200000	-0.006204	-0.024006	-0.057616
89.300000	0.011432	-0.005962	-0.042939
89.400000	0.028628	0.014292	-0.026375
89.500000	0.044724	0.035627	-0.008364
89.600000	0.059101	0.056629	0.010420
89.700000	0.071207	0.075736	0.029058
89.800000	0.080577	0.091417	0.046418
89.900000	0.086850	0.102351	0.061252
90.000000	0.089786	0.107588	0.072344
90.100000	0.089271	0.106664	0.078698
90.200000	0.085326	0.099662	0.079706
90.300000	0.078101	0.087198	0.075272
90.400000	0.067875	0.070347	0.065823
90.500000	0.055041	0.050512	0.052231
90.600000	0.040091	0.029251	0.035652
90.700000	0.023601	0.008100	0.017344
90.800000	0.006204	-0.011598	-0.001507
90.900000	-0.011432	-0.028825	-0.019894
91.000000	-0.028628	-0.042964	-0.037052
91.100000	-0.044724	-0.053820	-0.052460
91.200000	-0.059101	-0.061573	-0.065809
91.300000	-0.071207	-0.066679	-0.076953
91.400000	-0.080577	-0.069737	-0.085858
91.500000	-0.086850	-0.071349	-0.092553
91.600000	-0.089786	-0.071984	-0.097095
91.700000	-0.089271	-0.071878	-0.099538
91.800000	-0.085326	-0.070989	-0.099915
91.900000	-0.078101	-0.069005	-0.098234
92.000000	-0.067875	-0.065403	-0.094470
92.100000	-0.055041	-0.059570	-0.088573
92.200000	-0.040091	-0.050931	-0.080486
92.300000	-0.023601	-0.039102	-0.070165
92.400000	-0.006204	-0.024006	-0.057616
92.500000	0.011432	-0.005962	-0.042939
92.600000	0.028628	0.014292	-0.026375
92.700000	0.044724	0.035627	-0.008365
92.800000	0.059101	0.056629	0.010420
92.900000	0.071207	0.075736	0.029058
93.000000	0.080577	0.091417	0.046418
93.100000	0.086850	0.102351	0.061252
93.200000	0.089786	0.107588	0.072344
93.300000	0.089271	0.106664	0.078698
93.400000	0.085326	0.099662	0.079706
93.500000	0.078101	0.087198	0.075272
93.600000	0.067875	0.070347	0.065823
93.700000	0.055041	0.050512	0.052231
93.800000	0.040091	0.029251	0.035652
93.900000	0.023601	0.008100	0.017344
94.000000	0.006204	-0.011598	-0.001507
94.100000	-0.011432	-0.028825	-0.019894
94.200000	-0.028628	-0.042964	-0.037052
94.300000	-0.044724	-0.053820	-0.052460
94.400000	-0.059101	-0.061573	-0.065809
94.500000	-0.071207	-0.066679	-0.076953
94.600000	-0.080577	-0.069737	-0.085858
94.700000	-0.086850	-0.071349	-0.092553
94.800000	-0.089786	-0.071984	-0.097095
94.900000	-0.089271	-0.071878	-0.099538
95.000000	-0.085326	-0.070989	-0.099915
95.100000	-0.078101	-0.069005	-0.098234
95.200000	-0.067875	-0.065403	-0.094470
95.300000	-0.055041	-0.059570	-0.088573
95.400000	-0.040091	-0.050931	-0.080486
95.500000	-0.023601	-0.039102	-0.070165
95.600000	-0.006204	-0.024006	-0.057616
95.700000	0.011432	-0.005962	-0.042939
95.800000	0.028628	0.014292	-0.026375
95.900000	0.044724	0.035627	-0.008365
96.000000	0.059101	0.056629	0.010420
96.100000	0.071207	0.075736	0.029058
96.200000	0.080577	0.091417	0.046418
96.300000	0.086850	0.102351	0.061252
96.400000	0.089786	0.107588	0.072344
96.500000	0.089271	0.106664	0.078698
96.600000	0.085326	0.099662	0.079706
96.700000	0.078101	0.087198	0.075272
96.800000	0.067875	0.070347	0.065823
96.900000	0.055041	0.050512	0.052231
97.000000	0.040091	0.029251	0.035652
97.100000	0.023601	0.008100	0.017344
97.200000	0.006204	-0.011598	-0.001507
97.300000	-0.011432	-0.028825	-0.019894
97.400000	-0.028628	-0.042964	-0.037052
97.500000	-0.044724	-0.053820	-0.052460
97.600000	-0.059101	-0.061573	-0.065809
97.700000	-0.071207	-0.066679	-0.076953
97.800000	-0.080577	-0.069737	-0.085858
97.900000	-0.086850	-0.071349	-0.092553
98.000000	-0.089786	-0.071984	-0.097095
98.100000	-0.089271	-0.071878	-0.099538
98.200000	-0.085326	-0.070989	-0.099915
98.300000	-0.078101	-0.069005	-0.098234
98.400000	-0.067875	-0.065403	-0.094470
98.500000	-0.055041	-0.059570	-0.088573
98.600000	-0.040091	-0.050931	-0.080486
98.700000	-0.023601	-0.039102	-0.070165
98.800000	-0.006204	-0.024006	-0.057616
98.900000	0.011432	-0.005962	-0.042939
99.000000	0.028628	0.014292	-0.026375
99.100000	0.044724	0.035627	-0.008365
99.200000	0.059101	0.056629	0.010420
99.300000	0.071207	0.075736	0.029058
99.400000	0.080577	0.091417	0.046418
99.500000	0.086850	0.102351	0.061252
99.600000	0.089786	0.107588	0.072344
99.700000	0.089271	0.106664	0.078698
99.800000	0.085326	0.099662	0.079706
99.900000	0.078101	0.087198	0.075272
100.000000	0.067875	0.070347	0.065823
