Time [s]	Biesel [m]	Stokes II 	StokesIII	Cnoidal
0.000000	-0.073596	-0.015416	0.284441	-0.019332
0.100000	-0.068985	-0.025495	1.117873	-0.007690
0.200000	-0.061359	-0.040078	1.548877	0.009971
0.300000	-0.051052	-0.055659	1.083834	0.034647
0.400000	-0.038513	-0.068213	0.099954	0.064728
0.500000	-0.024291	-0.073948	-0.532980	0.093776
0.600000	-0.009007	-0.070035	-0.323307	0.111211
0.700000	0.006670	-0.055176	0.352719	0.108744
0.800000	0.022056	-0.029915	0.634435	0.087634
0.900000	0.036478	0.003368	0.050612	0.057491
1.000000	0.049306	0.040783	-0.992656	0.028295
1.100000	0.059978	0.077515	-1.602616	0.005244
1.200000	0.068030	0.108595	-1.283057	-0.010878
1.300000	0.073108	0.129687	-0.428917	-0.021359
1.400000	0.074991	0.137800	0.064049	-0.027880
1.500000	0.073596	0.131776	-0.311217	-0.031832
1.600000	0.068985	0.112476	-1.169086	-0.034188
1.700000	0.061359	0.082641	-1.614557	-0.035578
1.800000	0.051052	0.046444	-1.132225	-0.036387
1.900000	0.038513	0.008813	-0.096498	-0.036848
2.000000	0.024291	-0.025366	0.602331	-0.037093
2.100000	0.009007	-0.052021	0.439974	-0.037194
2.200000	-0.006670	-0.068517	-0.232372	-0.037181
2.300000	-0.022056	-0.074027	-0.556030	-0.037050
2.400000	-0.036478	-0.069588	-0.037447	-0.036763
2.500000	-0.049306	-0.057829	0.950081	-0.036236
2.600000	-0.059978	-0.042441	1.537161	-0.035317
2.700000	-0.068030	-0.027465	1.228391	-0.033744
2.800000	-0.073108	-0.016529	0.398902	-0.031084
2.900000	-0.074991	-0.012181	-0.080670	-0.026635
3.000000	-0.073596	-0.015416	0.284441	-0.019332
3.100000	-0.068985	-0.025495	1.117873	-0.007690
3.200000	-0.061359	-0.040078	1.548877	0.009971
3.300000	-0.051052	-0.055659	1.083834	0.034647
3.400000	-0.038513	-0.068213	0.099954	0.064728
3.500000	-0.024291	-0.073948	-0.532980	0.093776
3.600000	-0.009007	-0.070035	-0.323307	0.111211
3.700000	0.006670	-0.055176	0.352719	0.108744
3.800000	0.022056	-0.029915	0.634435	0.087634
3.900000	0.036478	0.003368	0.050612	0.057491
4.000000	0.049306	0.040783	-0.992656	0.028295
4.100000	0.059978	0.077515	-1.602616	0.005244
4.200000	0.068030	0.108595	-1.283057	-0.010878
4.300000	0.073108	0.129687	-0.428917	-0.021359
4.400000	0.074991	0.137800	0.064049	-0.027880
4.500000	0.073596	0.131776	-0.311217	-0.031832
4.600000	0.068985	0.112476	-1.169086	-0.034188
4.700000	0.061359	0.082641	-1.614557	-0.035578
4.800000	0.051052	0.046444	-1.132225	-0.036387
4.900000	0.038513	0.008813	-0.096498	-0.036848
5.000000	0.024291	-0.025366	0.602331	-0.037093
5.100000	0.009007	-0.052021	0.439974	-0.037194
5.200000	-0.006670	-0.068517	-0.232372	-0.037181
5.300000	-0.022056	-0.074027	-0.556030	-0.037050
5.400000	-0.036478	-0.069588	-0.037447	-0.036763
5.500000	-0.049306	-0.057829	0.950081	-0.036236
5.600000	-0.059978	-0.042441	1.537161	-0.035317
5.700000	-0.068030	-0.027465	1.228391	-0.033744
5.800000	-0.073108	-0.016529	0.398902	-0.031084
5.900000	-0.074991	-0.012181	-0.080670	-0.026635
6.000000	-0.073596	-0.015416	0.284441	-0.019332
6.100000	-0.068985	-0.025495	1.117873	-0.007690
6.200000	-0.061359	-0.040078	1.548877	0.009971
6.300000	-0.051052	-0.055659	1.083834	0.034647
6.400000	-0.038513	-0.068213	0.099954	0.064728
6.500000	-0.024291	-0.073948	-0.532980	0.093776
6.600000	-0.009007	-0.070035	-0.323307	0.111211
6.700000	0.006670	-0.055176	0.352719	0.108744
6.800000	0.022056	-0.029915	0.634435	0.087634
6.900000	0.036478	0.003368	0.050612	0.057491
7.000000	0.049306	0.040783	-0.992656	0.028295
7.100000	0.059978	0.077515	-1.602616	0.005244
7.200000	0.068030	0.108595	-1.283057	-0.010878
7.300000	0.073108	0.129687	-0.428917	-0.021359
7.400000	0.074991	0.137800	0.064049	-0.027880
7.500000	0.073596	0.131776	-0.311217	-0.031832
7.600000	0.068985	0.112476	-1.169086	-0.034188
7.700000	0.061359	0.082641	-1.614557	-0.035578
7.800000	0.051052	0.046444	-1.132225	-0.036387
7.900000	0.038513	0.008813	-0.096498	-0.036848
8.000000	0.024291	-0.025366	0.602331	-0.037093
8.100000	0.009007	-0.052021	0.439974	-0.037194
8.200000	-0.006670	-0.068517	-0.232372	-0.037181
8.300000	-0.022056	-0.074027	-0.556030	-0.037050
8.400000	-0.036478	-0.069588	-0.037447	-0.036763
8.500000	-0.049306	-0.057829	0.950081	-0.036236
8.600000	-0.059978	-0.042441	1.537161	-0.035317
8.700000	-0.068030	-0.027465	1.228391	-0.033744
8.800000	-0.073108	-0.016529	0.398902	-0.031084
8.900000	-0.074991	-0.012181	-0.080670	-0.026635
9.000000	-0.073596	-0.015416	0.284441	-0.019332
9.100000	-0.068985	-0.025495	1.117873	-0.007690
9.200000	-0.061359	-0.040078	1.548877	0.009971
9.300000	-0.051052	-0.055659	1.083834	0.034647
9.400000	-0.038513	-0.068213	0.099954	0.064728
9.500000	-0.024291	-0.073948	-0.532980	0.093776
9.600000	-0.009007	-0.070035	-0.323307	0.111211
9.700000	0.006670	-0.055176	0.352719	0.108744
9.800000	0.022056	-0.029915	0.634435	0.087634
9.900000	0.036478	0.003368	0.050612	0.057491
10.000000	0.049306	0.040783	-0.992656	0.028295
10.100000	0.059978	0.077515	-1.602616	0.005244
10.200000	0.068030	0.108595	-1.283057	-0.010878
10.300000	0.073108	0.129687	-0.428917	-0.021359
10.400000	0.074991	0.137800	0.064049	-0.027880
10.500000	0.073596	0.131776	-0.311217	-0.031832
10.600000	0.068985	0.112476	-1.169086	-0.034188
10.700000	0.061359	0.082641	-1.614557	-0.035578
10.800000	0.051052	0.046444	-1.132225	-0.036387
10.900000	0.038513	0.008813	-0.096498	-0.036848
11.000000	0.024291	-0.025366	0.602331	-0.037093
11.100000	0.009007	-0.052021	0.439974	-0.037194
11.200000	-0.006670	-0.068517	-0.232372	-0.037181
11.300000	-0.022056	-0.074027	-0.556030	-0.037050
11.400000	-0.036478	-0.069588	-0.037447	-0.036763
11.500000	-0.049306	-0.057829	0.950081	-0.036236
11.600000	-0.059978	-0.042441	1.537161	-0.035317
11.700000	-0.068030	-0.027465	1.228391	-0.033744
11.800000	-0.073108	-0.016529	0.398902	-0.031084
11.900000	-0.074991	-0.012181	-0.080670	-0.026635
12.000000	-0.073596	-0.015416	0.284441	-0.019332
12.100000	-0.068985	-0.025495	1.117873	-0.007690
12.200000	-0.061359	-0.040078	1.548877	0.009971
12.300000	-0.051052	-0.055659	1.083834	0.034647
12.400000	-0.038513	-0.068213	0.099954	0.064728
12.500000	-0.024291	-0.073948	-0.532980	0.093776
12.600000	-0.009007	-0.070035	-0.323307	0.111211
12.700000	0.006670	-0.055176	0.352719	0.108744
12.800000	0.022056	-0.029915	0.634435	0.087634
12.900000	0.036478	0.003368	0.050612	0.057491
13.000000	0.049306	0.040783	-0.992656	0.028295
13.100000	0.059978	0.077515	-1.602616	0.005244
13.200000	0.068030	0.108595	-1.283057	-0.010878
13.300000	0.073108	0.129687	-0.428917	-0.021359
13.400000	0.074991	0.137800	0.064049	-0.027880
13.500000	0.073596	0.131776	-0.311217	-0.031832
13.600000	0.068985	0.112476	-1.169086	-0.034188
13.700000	0.061359	0.082641	-1.614557	-0.035578
13.800000	0.051052	0.046444	-1.132225	-0.036387
13.900000	0.038513	0.008813	-0.096498	-0.036848
14.000000	0.024291	-0.025366	0.602331	-0.037093
14.100000	0.009007	-0.052021	0.439974	-0.037194
14.200000	-0.006670	-0.068517	-0.232372	-0.037181
14.300000	-0.022056	-0.074027	-0.556030	-0.037050
14.400000	-0.036478	-0.069588	-0.037447	-0.036763
14.500000	-0.049306	-0.057829	0.950081	-0.036236
14.600000	-0.059978	-0.042441	1.537161	-0.035317
14.700000	-0.068030	-0.027465	1.228391	-0.033744
14.800000	-0.073108	-0.016529	0.398902	-0.031084
14.900000	-0.074991	-0.012181	-0.080670	-0.026635
15.000000	-0.073596	-0.015416	0.284441	-0.019332
15.100000	-0.068985	-0.025495	1.117873	-0.007690
15.200000	-0.061359	-0.040078	1.548877	0.009971
15.300000	-0.051052	-0.055659	1.083834	0.034647
15.400000	-0.038513	-0.068213	0.099954	0.064728
15.500000	-0.024291	-0.073948	-0.532980	0.093776
15.600000	-0.009007	-0.070035	-0.323307	0.111211
15.700000	0.006670	-0.055176	0.352719	0.108744
15.800000	0.022056	-0.029915	0.634435	0.087634
15.900000	0.036478	0.003368	0.050612	0.057491
16.000000	0.049306	0.040783	-0.992656	0.028295
16.100000	0.059978	0.077515	-1.602616	0.005244
16.200000	0.068030	0.108595	-1.283057	-0.010878
16.300000	0.073108	0.129687	-0.428917	-0.021359
16.400000	0.074991	0.137800	0.064049	-0.027880
16.500000	0.073596	0.131776	-0.311217	-0.031832
16.600000	0.068985	0.112476	-1.169086	-0.034188
16.700000	0.061359	0.082641	-1.614557	-0.035578
16.800000	0.051052	0.046444	-1.132225	-0.036387
16.900000	0.038513	0.008813	-0.096498	-0.036848
17.000000	0.024291	-0.025366	0.602331	-0.037093
17.100000	0.009007	-0.052021	0.439974	-0.037194
17.200000	-0.006670	-0.068517	-0.232372	-0.037181
17.300000	-0.022056	-0.074027	-0.556030	-0.037050
17.400000	-0.036478	-0.069588	-0.037447	-0.036763
17.500000	-0.049306	-0.057829	0.950081	-0.036236
17.600000	-0.059978	-0.042441	1.537161	-0.035317
17.700000	-0.068030	-0.027465	1.228391	-0.033744
17.800000	-0.073108	-0.016529	0.398902	-0.031084
17.900000	-0.074991	-0.012181	-0.080670	-0.026635
18.000000	-0.073596	-0.015416	0.284441	-0.019332
18.100000	-0.068985	-0.025495	1.117873	-0.007690
18.200000	-0.061359	-0.040078	1.548877	0.009971
18.300000	-0.051052	-0.055659	1.083834	0.034647
18.400000	-0.038513	-0.068213	0.099954	0.064728
18.500000	-0.024291	-0.073948	-0.532980	0.093776
18.600000	-0.009007	-0.070035	-0.323307	0.111211
18.700000	0.006670	-0.055176	0.352719	0.108744
18.800000	0.022056	-0.029915	0.634435	0.087634
18.900000	0.036478	0.003368	0.050612	0.057491
19.000000	0.049306	0.040783	-0.992656	0.028295
19.100000	0.059978	0.077515	-1.602616	0.005244
19.200000	0.068030	0.108595	-1.283057	-0.010878
19.300000	0.073108	0.129687	-0.428917	-0.021359
19.400000	0.074991	0.137800	0.064049	-0.027880
19.500000	0.073596	0.131776	-0.311217	-0.031832
19.600000	0.068985	0.112476	-1.169086	-0.034188
19.700000	0.061359	0.082641	-1.614557	-0.035578
19.800000	0.051052	0.046444	-1.132225	-0.036387
19.900000	0.038513	0.008813	-0.096498	-0.036848
20.000000	0.024291	-0.025366	0.602331	-0.037093
20.100000	0.009007	-0.052021	0.439974	-0.037194
20.200000	-0.006670	-0.068517	-0.232372	-0.037181
20.300000	-0.022056	-0.074027	-0.556030	-0.037050
20.400000	-0.036478	-0.069588	-0.037447	-0.036763
20.500000	-0.049306	-0.057829	0.950081	-0.036236
20.600000	-0.059978	-0.042441	1.537161	-0.035317
20.700000	-0.068030	-0.027465	1.228391	-0.033744
20.800000	-0.073108	-0.016529	0.398902	-0.031084
20.900000	-0.074991	-0.012181	-0.080670	-0.026635
21.000000	-0.073596	-0.015416	0.284441	-0.019332
21.100000	-0.068985	-0.025495	1.117873	-0.007690
21.200000	-0.061359	-0.040078	1.548877	0.009971
21.300000	-0.051052	-0.055659	1.083834	0.034647
21.400000	-0.038513	-0.068213	0.099954	0.064728
21.500000	-0.024291	-0.073948	-0.532980	0.093776
21.600000	-0.009007	-0.070035	-0.323307	0.111211
21.700000	0.006670	-0.055176	0.352719	0.108744
21.800000	0.022056	-0.029915	0.634435	0.087634
21.900000	0.036478	0.003368	0.050612	0.057491
22.000000	0.049306	0.040783	-0.992656	0.028295
22.100000	0.059978	0.077515	-1.602616	0.005244
22.200000	0.068030	0.108595	-1.283057	-0.010878
22.300000	0.073108	0.129687	-0.428917	-0.021359
22.400000	0.074991	0.137800	0.064049	-0.027880
22.500000	0.073596	0.131776	-0.311217	-0.031832
22.600000	0.068985	0.112476	-1.169086	-0.034188
22.700000	0.061359	0.082641	-1.614557	-0.035578
22.800000	0.051052	0.046444	-1.132225	-0.036387
22.900000	0.038513	0.008813	-0.096498	-0.036848
23.000000	0.024291	-0.025366	0.602331	-0.037093
23.100000	0.009007	-0.052021	0.439974	-0.037194
23.200000	-0.006670	-0.068517	-0.232372	-0.037181
23.300000	-0.022056	-0.074027	-0.556030	-0.037050
23.400000	-0.036478	-0.069588	-0.037447	-0.036763
23.500000	-0.049306	-0.057829	0.950081	-0.036236
23.600000	-0.059978	-0.042441	1.537161	-0.035317
23.700000	-0.068030	-0.027465	1.228391	-0.033744
23.800000	-0.073108	-0.016529	0.398902	-0.031084
23.900000	-0.074991	-0.012181	-0.080670	-0.026635
24.000000	-0.073596	-0.015416	0.284441	-0.019332
24.100000	-0.068985	-0.025495	1.117873	-0.007690
24.200000	-0.061359	-0.040078	1.548877	0.009971
24.300000	-0.051052	-0.055659	1.083834	0.034647
24.400000	-0.038513	-0.068213	0.099954	0.064728
24.500000	-0.024291	-0.073948	-0.532980	0.093776
24.600000	-0.009007	-0.070035	-0.323307	0.111211
24.700000	0.006670	-0.055176	0.352719	0.108744
24.800000	0.022056	-0.029915	0.634435	0.087634
24.900000	0.036478	0.003368	0.050612	0.057491
25.000000	0.049306	0.040783	-0.992656	0.028295
25.100000	0.059978	0.077515	-1.602616	0.005244
25.200000	0.068030	0.108595	-1.283057	-0.010878
25.300000	0.073108	0.129687	-0.428917	-0.021359
25.400000	0.074991	0.137800	0.064049	-0.027880
25.500000	0.073596	0.131776	-0.311217	-0.031832
25.600000	0.068985	0.112476	-1.169086	-0.034188
25.700000	0.061359	0.082641	-1.614557	-0.035578
25.800000	0.051052	0.046444	-1.132225	-0.036387
25.900000	0.038513	0.008813	-0.096498	-0.036848
26.000000	0.024291	-0.025366	0.602331	-0.037093
26.100000	0.009007	-0.052021	0.439974	-0.037194
26.200000	-0.006670	-0.068517	-0.232372	-0.037181
26.300000	-0.022056	-0.074027	-0.556030	-0.037050
26.400000	-0.036478	-0.069588	-0.037447	-0.036763
26.500000	-0.049306	-0.057829	0.950081	-0.036236
26.600000	-0.059978	-0.042441	1.537161	-0.035317
26.700000	-0.068030	-0.027465	1.228391	-0.033744
26.800000	-0.073108	-0.016529	0.398902	-0.031084
26.900000	-0.074991	-0.012181	-0.080670	-0.026635
27.000000	-0.073596	-0.015416	0.284441	-0.019332
27.100000	-0.068985	-0.025495	1.117873	-0.007690
27.200000	-0.061359	-0.040078	1.548877	0.009971
27.300000	-0.051052	-0.055659	1.083834	0.034647
27.400000	-0.038513	-0.068213	0.099954	0.064728
27.500000	-0.024291	-0.073948	-0.532980	0.093776
27.600000	-0.009007	-0.070035	-0.323307	0.111211
27.700000	0.006670	-0.055176	0.352719	0.108744
27.800000	0.022056	-0.029915	0.634435	0.087634
27.900000	0.036478	0.003368	0.050612	0.057491
28.000000	0.049306	0.040783	-0.992656	0.028295
28.100000	0.059978	0.077515	-1.602616	0.005244
28.200000	0.068030	0.108595	-1.283057	-0.010878
28.300000	0.073108	0.129687	-0.428917	-0.021359
28.400000	0.074991	0.137800	0.064049	-0.027880
28.500000	0.073596	0.131776	-0.311217	-0.031832
28.600000	0.068985	0.112476	-1.169086	-0.034188
28.700000	0.061359	0.082641	-1.614557	-0.035578
28.800000	0.051052	0.046444	-1.132225	-0.036387
28.900000	0.038513	0.008813	-0.096498	-0.036848
29.000000	0.024291	-0.025366	0.602331	-0.037093
29.100000	0.009007	-0.052021	0.439974	-0.037194
29.200000	-0.006670	-0.068517	-0.232372	-0.037181
29.300000	-0.022056	-0.074027	-0.556030	-0.037050
29.400000	-0.036478	-0.069588	-0.037447	-0.036763
29.500000	-0.049306	-0.057829	0.950081	-0.036236
29.600000	-0.059978	-0.042441	1.537161	-0.035317
29.700000	-0.068030	-0.027465	1.228391	-0.033744
29.800000	-0.073108	-0.016529	0.398902	-0.031084
29.900000	-0.074991	-0.012181	-0.080670	-0.026635
30.000000	-0.073596	-0.015416	0.284441	-0.019332
30.100000	-0.068985	-0.025495	1.117873	-0.007690
30.200000	-0.061359	-0.040078	1.548877	0.009971
30.300000	-0.051052	-0.055659	1.083834	0.034647
30.400000	-0.038513	-0.068213	0.099954	0.064728
30.500000	-0.024291	-0.073948	-0.532980	0.093776
30.600000	-0.009007	-0.070035	-0.323307	0.111211
30.700000	0.006670	-0.055176	0.352719	0.108744
30.800000	0.022056	-0.029915	0.634435	0.087634
30.900000	0.036478	0.003368	0.050612	0.057491
31.000000	0.049306	0.040783	-0.992656	0.028295
31.100000	0.059978	0.077515	-1.602616	0.005244
31.200000	0.068030	0.108595	-1.283057	-0.010878
31.300000	0.073108	0.129687	-0.428917	-0.021359
31.400000	0.074991	0.137800	0.064049	-0.027880
31.500000	0.073596	0.131776	-0.311217	-0.031832
31.600000	0.068985	0.112476	-1.169086	-0.034188
31.700000	0.061359	0.082641	-1.614557	-0.035578
31.800000	0.051052	0.046444	-1.132225	-0.036387
31.900000	0.038513	0.008813	-0.096498	-0.036848
32.000000	0.024291	-0.025366	0.602331	-0.037093
32.100000	0.009007	-0.052021	0.439974	-0.037194
32.200000	-0.006670	-0.068517	-0.232372	-0.037181
32.300000	-0.022056	-0.074027	-0.556030	-0.037050
32.400000	-0.036478	-0.069588	-0.037447	-0.036763
32.500000	-0.049306	-0.057829	0.950081	-0.036236
32.600000	-0.059978	-0.042441	1.537161	-0.035317
32.700000	-0.068030	-0.027465	1.228391	-0.033744
32.800000	-0.073108	-0.016529	0.398902	-0.031084
32.900000	-0.074991	-0.012181	-0.080670	-0.026635
33.000000	-0.073596	-0.015416	0.284441	-0.019332
33.100000	-0.068985	-0.025495	1.117873	-0.007690
33.200000	-0.061359	-0.040078	1.548877	0.009971
33.300000	-0.051052	-0.055659	1.083834	0.034647
33.400000	-0.038513	-0.068213	0.099954	0.064728
33.500000	-0.024291	-0.073948	-0.532980	0.093776
33.600000	-0.009007	-0.070035	-0.323307	0.111211
33.700000	0.006670	-0.055176	0.352719	0.108744
33.800000	0.022056	-0.029915	0.634435	0.087634
33.900000	0.036478	0.003368	0.050612	0.057491
34.000000	0.049306	0.040783	-0.992656	0.028295
34.100000	0.059978	0.077515	-1.602616	0.005244
34.200000	0.068030	0.108595	-1.283057	-0.010878
34.300000	0.073108	0.129687	-0.428917	-0.021359
34.400000	0.074991	0.137800	0.064049	-0.027880
34.500000	0.073596	0.131776	-0.311217	-0.031832
34.600000	0.068985	0.112476	-1.169086	-0.034188
34.700000	0.061359	0.082641	-1.614557	-0.035578
34.800000	0.051052	0.046444	-1.132225	-0.036387
34.900000	0.038513	0.008813	-0.096498	-0.036848
35.000000	0.024291	-0.025366	0.602331	-0.037093
35.100000	0.009007	-0.052021	0.439974	-0.037194
35.200000	-0.006670	-0.068517	-0.232372	-0.037181
35.300000	-0.022056	-0.074027	-0.556030	-0.037050
35.400000	-0.036478	-0.069588	-0.037447	-0.036763
35.500000	-0.049306	-0.057829	0.950081	-0.036236
35.600000	-0.059978	-0.042441	1.537161	-0.035317
35.700000	-0.068030	-0.027465	1.228391	-0.033744
35.800000	-0.073108	-0.016529	0.398902	-0.031084
35.900000	-0.074991	-0.012181	-0.080670	-0.026635
36.000000	-0.073596	-0.015416	0.284441	-0.019332
36.100000	-0.068985	-0.025495	1.117873	-0.007690
36.200000	-0.061359	-0.040078	1.548877	0.009971
36.300000	-0.051052	-0.055659	1.083834	0.034647
36.400000	-0.038513	-0.068213	0.099954	0.064728
36.500000	-0.024291	-0.073948	-0.532980	0.093776
36.600000	-0.009007	-0.070035	-0.323307	0.111211
36.700000	0.006670	-0.055176	0.352719	0.108744
36.800000	0.022056	-0.029915	0.634435	0.087634
36.900000	0.036478	0.003368	0.050612	0.057491
37.000000	0.049306	0.040783	-0.992656	0.028295
37.100000	0.059978	0.077515	-1.602616	0.005244
37.200000	0.068030	0.108595	-1.283057	-0.010878
37.300000	0.073108	0.129687	-0.428917	-0.021359
37.400000	0.074991	0.137800	0.064049	-0.027880
37.500000	0.073596	0.131776	-0.311217	-0.031832
37.600000	0.068985	0.112476	-1.169086	-0.034188
37.700000	0.061359	0.082641	-1.614557	-0.035578
37.800000	0.051052	0.046444	-1.132225	-0.036387
37.900000	0.038513	0.008813	-0.096498	-0.036848
38.000000	0.024291	-0.025366	0.602331	-0.037093
38.100000	0.009007	-0.052021	0.439974	-0.037194
38.200000	-0.006670	-0.068517	-0.232372	-0.037181
38.300000	-0.022056	-0.074027	-0.556030	-0.037050
38.400000	-0.036478	-0.069588	-0.037447	-0.036763
38.500000	-0.049306	-0.057829	0.950081	-0.036236
38.600000	-0.059978	-0.042441	1.537161	-0.035317
38.700000	-0.068030	-0.027465	1.228391	-0.033744
38.800000	-0.073108	-0.016529	0.398902	-0.031084
38.900000	-0.074991	-0.012181	-0.080670	-0.026635
39.000000	-0.073596	-0.015416	0.284441	-0.019332
39.100000	-0.068985	-0.025495	1.117873	-0.007690
39.200000	-0.061359	-0.040078	1.548877	0.009971
39.300000	-0.051052	-0.055659	1.083834	0.034647
39.400000	-0.038513	-0.068213	0.099954	0.064728
39.500000	-0.024291	-0.073948	-0.532980	0.093776
39.600000	-0.009007	-0.070035	-0.323307	0.111211
39.700000	0.006670	-0.055176	0.352719	0.108744
39.800000	0.022056	-0.029915	0.634435	0.087634
39.900000	0.036478	0.003368	0.050612	0.057491
40.000000	0.049306	0.040783	-0.992656	0.028295
40.100000	0.059978	0.077515	-1.602616	0.005244
40.200000	0.068030	0.108595	-1.283057	-0.010878
40.300000	0.073108	0.129687	-0.428917	-0.021359
40.400000	0.074991	0.137800	0.064049	-0.027880
40.500000	0.073596	0.131776	-0.311217	-0.031832
40.600000	0.068985	0.112476	-1.169086	-0.034188
40.700000	0.061359	0.082641	-1.614557	-0.035578
40.800000	0.051052	0.046444	-1.132225	-0.036387
40.900000	0.038513	0.008813	-0.096498	-0.036848
41.000000	0.024291	-0.025366	0.602331	-0.037093
41.100000	0.009007	-0.052021	0.439974	-0.037194
41.200000	-0.006670	-0.068517	-0.232372	-0.037181
41.300000	-0.022056	-0.074027	-0.556030	-0.037050
41.400000	-0.036478	-0.069588	-0.037447	-0.036763
41.500000	-0.049306	-0.057829	0.950081	-0.036236
41.600000	-0.059978	-0.042441	1.537161	-0.035317
41.700000	-0.068030	-0.027465	1.228391	-0.033744
41.800000	-0.073108	-0.016529	0.398902	-0.031084
41.900000	-0.074991	-0.012181	-0.080670	-0.026635
42.000000	-0.073596	-0.015416	0.284441	-0.019332
42.100000	-0.068985	-0.025495	1.117873	-0.007690
42.200000	-0.061359	-0.040078	1.548877	0.009971
42.300000	-0.051052	-0.055659	1.083834	0.034647
42.400000	-0.038513	-0.068213	0.099954	0.064728
42.500000	-0.024291	-0.073948	-0.532980	0.093776
42.600000	-0.009007	-0.070035	-0.323307	0.111211
42.700000	0.006670	-0.055176	0.352719	0.108744
42.800000	0.022056	-0.029915	0.634435	0.087634
42.900000	0.036478	0.003368	0.050612	0.057491
43.000000	0.049306	0.040783	-0.992656	0.028295
43.100000	0.059978	0.077515	-1.602616	0.005244
43.200000	0.068030	0.108595	-1.283057	-0.010878
43.300000	0.073108	0.129687	-0.428917	-0.021359
43.400000	0.074991	0.137800	0.064049	-0.027880
43.500000	0.073596	0.131776	-0.311217	-0.031832
43.600000	0.068985	0.112476	-1.169086	-0.034188
43.700000	0.061359	0.082641	-1.614557	-0.035578
43.800000	0.051052	0.046444	-1.132225	-0.036387
43.900000	0.038513	0.008813	-0.096498	-0.036848
44.000000	0.024291	-0.025366	0.602331	-0.037093
44.100000	0.009007	-0.052021	0.439974	-0.037194
44.200000	-0.006670	-0.068517	-0.232372	-0.037181
44.300000	-0.022056	-0.074027	-0.556030	-0.037050
44.400000	-0.036478	-0.069588	-0.037447	-0.036763
44.500000	-0.049306	-0.057829	0.950081	-0.036236
44.600000	-0.059978	-0.042441	1.537161	-0.035317
44.700000	-0.068030	-0.027465	1.228391	-0.033744
44.800000	-0.073108	-0.016529	0.398902	-0.031084
44.900000	-0.074991	-0.012181	-0.080670	-0.026635
45.000000	-0.073596	-0.015416	0.284441	-0.019332
45.100000	-0.068985	-0.025495	1.117873	-0.007690
45.200000	-0.061359	-0.040078	1.548877	0.009971
45.300000	-0.051052	-0.055659	1.083834	0.034647
45.400000	-0.038513	-0.068213	0.099954	0.064728
45.500000	-0.024291	-0.073948	-0.532980	0.093776
45.600000	-0.009007	-0.070035	-0.323307	0.111211
45.700000	0.006670	-0.055176	0.352719	0.108744
45.800000	0.022056	-0.029915	0.634435	0.087634
45.900000	0.036478	0.003368	0.050612	0.057491
46.000000	0.049306	0.040783	-0.992656	0.028295
46.100000	0.059978	0.077515	-1.602616	0.005244
46.200000	0.068030	0.108595	-1.283057	-0.010878
46.300000	0.073108	0.129687	-0.428917	-0.021359
46.400000	0.074991	0.137800	0.064049	-0.027880
46.500000	0.073596	0.131776	-0.311217	-0.031832
46.600000	0.068985	0.112476	-1.169086	-0.034188
46.700000	0.061359	0.082641	-1.614557	-0.035578
46.800000	0.051052	0.046444	-1.132225	-0.036387
46.900000	0.038513	0.008813	-0.096498	-0.036848
47.000000	0.024291	-0.025366	0.602331	-0.037093
47.100000	0.009007	-0.052021	0.439974	-0.037194
47.200000	-0.006670	-0.068517	-0.232372	-0.037181
47.300000	-0.022056	-0.074027	-0.556030	-0.037050
47.400000	-0.036478	-0.069588	-0.037447	-0.036763
47.500000	-0.049306	-0.057829	0.950081	-0.036236
47.600000	-0.059978	-0.042441	1.537161	-0.035317
47.700000	-0.068030	-0.027465	1.228391	-0.033744
47.800000	-0.073108	-0.016529	0.398902	-0.031084
47.900000	-0.074991	-0.012181	-0.080670	-0.026635
48.000000	-0.073596	-0.015416	0.284441	-0.019332
48.100000	-0.068985	-0.025495	1.117873	-0.007690
48.200000	-0.061359	-0.040078	1.548877	0.009971
48.300000	-0.051052	-0.055659	1.083834	0.034647
48.400000	-0.038513	-0.068213	0.099954	0.064728
48.500000	-0.024291	-0.073948	-0.532980	0.093776
48.600000	-0.009007	-0.070035	-0.323307	0.111211
48.700000	0.006670	-0.055176	0.352719	0.108744
48.800000	0.022056	-0.029915	0.634435	0.087634
48.900000	0.036478	0.003368	0.050612	0.057491
49.000000	0.049306	0.040783	-0.992656	0.028295
49.100000	0.059978	0.077515	-1.602616	0.005244
49.200000	0.068030	0.108595	-1.283057	-0.010878
49.300000	0.073108	0.129687	-0.428917	-0.021359
49.400000	0.074991	0.137800	0.064049	-0.027880
49.500000	0.073596	0.131776	-0.311217	-0.031832
49.600000	0.068985	0.112476	-1.169086	-0.034188
49.700000	0.061359	0.082641	-1.614557	-0.035578
49.800000	0.051052	0.046444	-1.132225	-0.036387
49.900000	0.038513	0.008813	-0.096498	-0.036848
50.000000	0.024291	-0.025366	0.602331	-0.037093
50.100000	0.009007	-0.052021	0.439974	-0.037194
50.200000	-0.006670	-0.068517	-0.232372	-0.037181
50.300000	-0.022056	-0.074027	-0.556030	-0.037050
50.400000	-0.036478	-0.069588	-0.037447	-0.036763
50.500000	-0.049306	-0.057829	0.950081	-0.036236
50.600000	-0.059978	-0.042441	1.537161	-0.035317
50.700000	-0.068030	-0.027465	1.228391	-0.033744
50.800000	-0.073108	-0.016529	0.398902	-0.031084
50.900000	-0.074991	-0.012181	-0.080670	-0.026635
51.000000	-0.073596	-0.015416	0.284441	-0.019332
51.100000	-0.068985	-0.025495	1.117873	-0.007690
51.200000	-0.061359	-0.040078	1.548877	0.009971
51.300000	-0.051052	-0.055659	1.083834	0.034647
51.400000	-0.038513	-0.068213	0.099954	0.064728
51.500000	-0.024291	-0.073948	-0.532980	0.093776
51.600000	-0.009007	-0.070035	-0.323307	0.111211
51.700000	0.006670	-0.055176	0.352719	0.108744
51.800000	0.022056	-0.029915	0.634435	0.087634
51.900000	0.036478	0.003368	0.050612	0.057491
52.000000	0.049306	0.040783	-0.992656	0.028295
52.100000	0.059978	0.077515	-1.602616	0.005244
52.200000	0.068030	0.108595	-1.283057	-0.010878
52.300000	0.073108	0.129687	-0.428917	-0.021359
52.400000	0.074991	0.137800	0.064049	-0.027880
52.500000	0.073596	0.131776	-0.311217	-0.031832
52.600000	0.068985	0.112476	-1.169086	-0.034188
52.700000	0.061359	0.082641	-1.614557	-0.035578
52.800000	0.051052	0.046444	-1.132225	-0.036387
52.900000	0.038513	0.008813	-0.096498	-0.036848
53.000000	0.024291	-0.025366	0.602331	-0.037093
53.100000	0.009007	-0.052021	0.439974	-0.037194
53.200000	-0.006670	-0.068517	-0.232372	-0.037181
53.300000	-0.022056	-0.074027	-0.556030	-0.037050
53.400000	-0.036478	-0.069588	-0.037447	-0.036763
53.500000	-0.049306	-0.057829	0.950081	-0.036236
53.600000	-0.059978	-0.042441	1.537161	-0.035317
53.700000	-0.068030	-0.027465	1.228391	-0.033744
53.800000	-0.073108	-0.016529	0.398902	-0.031084
53.900000	-0.074991	-0.012181	-0.080670	-0.026635
54.000000	-0.073596	-0.015416	0.284441	-0.019332
54.100000	-0.068985	-0.025495	1.117873	-0.007690
54.200000	-0.061359	-0.040078	1.548877	0.009971
54.300000	-0.051052	-0.055659	1.083834	0.034647
54.400000	-0.038513	-0.068213	0.099954	0.064728
54.500000	-0.024291	-0.073948	-0.532980	0.093776
54.600000	-0.009007	-0.070035	-0.323307	0.111211
54.700000	0.006670	-0.055176	0.352719	0.108744
54.800000	0.022056	-0.029915	0.634435	0.087634
54.900000	0.036478	0.003368	0.050612	0.057491
55.000000	0.049306	0.040783	-0.992656	0.028295
55.100000	0.059978	0.077515	-1.602616	0.005244
55.200000	0.068030	0.108595	-1.283057	-0.010878
55.300000	0.073108	0.129687	-0.428917	-0.021359
55.400000	0.074991	0.137800	0.064049	-0.027880
55.500000	0.073596	0.131776	-0.311217	-0.031832
55.600000	0.068985	0.112476	-1.169086	-0.034188
55.700000	0.061359	0.082641	-1.614557	-0.035578
55.800000	0.051052	0.046444	-1.132225	-0.036387
55.900000	0.038513	0.008813	-0.096498	-0.036848
56.000000	0.024291	-0.025366	0.602331	-0.037093
56.100000	0.009007	-0.052021	0.439974	-0.037194
56.200000	-0.006670	-0.068517	-0.232372	-0.037181
56.300000	-0.022056	-0.074027	-0.556030	-0.037050
56.400000	-0.036478	-0.069588	-0.037447	-0.036763
56.500000	-0.049306	-0.057829	0.950081	-0.036236
56.600000	-0.059978	-0.042441	1.537161	-0.035317
56.700000	-0.068030	-0.027465	1.228391	-0.033744
56.800000	-0.073108	-0.016529	0.398902	-0.031084
56.900000	-0.074991	-0.012181	-0.080670	-0.026635
57.000000	-0.073596	-0.015416	0.284441	-0.019332
57.100000	-0.068985	-0.025495	1.117873	-0.007690
57.200000	-0.061359	-0.040078	1.548877	0.009971
57.300000	-0.051052	-0.055659	1.083834	0.034647
57.400000	-0.038513	-0.068213	0.099954	0.064728
57.500000	-0.024291	-0.073948	-0.532980	0.093776
57.600000	-0.009007	-0.070035	-0.323307	0.111211
57.700000	0.006670	-0.055176	0.352719	0.108744
57.800000	0.022056	-0.029915	0.634435	0.087634
57.900000	0.036478	0.003368	0.050612	0.057491
58.000000	0.049306	0.040783	-0.992656	0.028295
58.100000	0.059978	0.077515	-1.602616	0.005244
58.200000	0.068030	0.108595	-1.283057	-0.010878
58.300000	0.073108	0.129687	-0.428917	-0.021359
58.400000	0.074991	0.137800	0.064049	-0.027880
58.500000	0.073596	0.131776	-0.311217	-0.031832
58.600000	0.068985	0.112476	-1.169086	-0.034188
58.700000	0.061359	0.082641	-1.614557	-0.035578
58.800000	0.051052	0.046444	-1.132225	-0.036387
58.900000	0.038513	0.008813	-0.096498	-0.036848
59.000000	0.024291	-0.025366	0.602331	-0.037093
59.100000	0.009007	-0.052021	0.439974	-0.037194
59.200000	-0.006670	-0.068517	-0.232372	-0.037181
59.300000	-0.022056	-0.074027	-0.556030	-0.037050
59.400000	-0.036478	-0.069588	-0.037447	-0.036763
59.500000	-0.049306	-0.057829	0.950081	-0.036236
59.600000	-0.059978	-0.042441	1.537161	-0.035317
59.700000	-0.068030	-0.027465	1.228391	-0.033744
59.800000	-0.073108	-0.016529	0.398902	-0.031084
59.900000	-0.074991	-0.012181	-0.080670	-0.026635
60.000000	-0.073596	-0.015416	0.284441	-0.019332
60.100000	-0.068985	-0.025495	1.117873	-0.007690
60.200000	-0.061359	-0.040078	1.548877	0.009971
60.300000	-0.051052	-0.055659	1.083834	0.034647
60.400000	-0.038513	-0.068213	0.099954	0.064728
60.500000	-0.024291	-0.073948	-0.532980	0.093776
60.600000	-0.009007	-0.070035	-0.323307	0.111211
60.700000	0.006670	-0.055176	0.352719	0.108744
60.800000	0.022056	-0.029915	0.634435	0.087634
60.900000	0.036478	0.003368	0.050612	0.057491
61.000000	0.049306	0.040783	-0.992656	0.028295
61.100000	0.059978	0.077515	-1.602616	0.005244
61.200000	0.068030	0.108595	-1.283057	-0.010878
61.300000	0.073108	0.129687	-0.428917	-0.021359
61.400000	0.074991	0.137800	0.064049	-0.027880
61.500000	0.073596	0.131776	-0.311217	-0.031832
61.600000	0.068985	0.112476	-1.169086	-0.034188
61.700000	0.061359	0.082641	-1.614557	-0.035578
61.800000	0.051052	0.046444	-1.132225	-0.036387
61.900000	0.038513	0.008813	-0.096498	-0.036848
62.000000	0.024291	-0.025366	0.602331	-0.037093
62.100000	0.009007	-0.052021	0.439974	-0.037194
62.200000	-0.006670	-0.068517	-0.232372	-0.037181
62.300000	-0.022056	-0.074027	-0.556030	-0.037050
62.400000	-0.036478	-0.069588	-0.037447	-0.036763
62.500000	-0.049306	-0.057829	0.950081	-0.036236
62.600000	-0.059978	-0.042441	1.537161	-0.035317
62.700000	-0.068030	-0.027465	1.228391	-0.033744
62.800000	-0.073108	-0.016529	0.398902	-0.031084
62.900000	-0.074991	-0.012181	-0.080670	-0.026635
63.000000	-0.073596	-0.015416	0.284441	-0.019332
63.100000	-0.068985	-0.025495	1.117873	-0.007690
63.200000	-0.061359	-0.040078	1.548877	0.009971
63.300000	-0.051052	-0.055659	1.083834	0.034647
63.400000	-0.038513	-0.068213	0.099954	0.064728
63.500000	-0.024291	-0.073948	-0.532980	0.093776
63.600000	-0.009007	-0.070035	-0.323307	0.111211
63.700000	0.006670	-0.055176	0.352719	0.108744
63.800000	0.022056	-0.029915	0.634435	0.087634
63.900000	0.036478	0.003368	0.050612	0.057491
64.000000	0.049306	0.040783	-0.992656	0.028295
64.100000	0.059978	0.077515	-1.602616	0.005244
64.200000	0.068030	0.108595	-1.283057	-0.010878
64.300000	0.073108	0.129687	-0.428917	-0.021359
64.400000	0.074991	0.137800	0.064049	-0.027880
64.500000	0.073596	0.131776	-0.311217	-0.031832
64.600000	0.068985	0.112476	-1.169086	-0.034188
64.700000	0.061359	0.082641	-1.614557	-0.035578
64.800000	0.051052	0.046444	-1.132225	-0.036387
64.900000	0.038513	0.008813	-0.096498	-0.036848
65.000000	0.024291	-0.025366	0.602331	-0.037093
65.100000	0.009007	-0.052021	0.439974	-0.037194
65.200000	-0.006670	-0.068517	-0.232372	-0.037181
65.300000	-0.022056	-0.074027	-0.556030	-0.037050
65.400000	-0.036478	-0.069588	-0.037447	-0.036763
65.500000	-0.049306	-0.057829	0.950081	-0.036236
65.600000	-0.059978	-0.042441	1.537161	-0.035317
65.700000	-0.068030	-0.027465	1.228391	-0.033744
65.800000	-0.073108	-0.016529	0.398902	-0.031084
65.900000	-0.074991	-0.012181	-0.080670	-0.026635
66.000000	-0.073596	-0.015416	0.284441	-0.019332
66.100000	-0.068985	-0.025495	1.117873	-0.007690
66.200000	-0.061359	-0.040078	1.548877	0.009971
66.300000	-0.051052	-0.055659	1.083834	0.034647
66.400000	-0.038513	-0.068213	0.099954	0.064728
66.500000	-0.024291	-0.073948	-0.532980	0.093776
66.600000	-0.009007	-0.070035	-0.323307	0.111211
66.700000	0.006670	-0.055176	0.352719	0.108744
66.800000	0.022056	-0.029915	0.634435	0.087634
66.900000	0.036478	0.003368	0.050612	0.057491
67.000000	0.049306	0.040783	-0.992656	0.028295
67.100000	0.059978	0.077515	-1.602616	0.005244
67.200000	0.068030	0.108595	-1.283057	-0.010878
67.300000	0.073108	0.129687	-0.428917	-0.021359
67.400000	0.074991	0.137800	0.064049	-0.027880
67.500000	0.073596	0.131776	-0.311217	-0.031832
67.600000	0.068985	0.112476	-1.169086	-0.034188
67.700000	0.061359	0.082641	-1.614557	-0.035578
67.800000	0.051052	0.046444	-1.132225	-0.036387
67.900000	0.038513	0.008813	-0.096498	-0.036848
68.000000	0.024291	-0.025366	0.602331	-0.037093
68.100000	0.009007	-0.052021	0.439974	-0.037194
68.200000	-0.006670	-0.068517	-0.232372	-0.037181
68.300000	-0.022056	-0.074027	-0.556030	-0.037050
68.400000	-0.036478	-0.069588	-0.037447	-0.036763
68.500000	-0.049306	-0.057829	0.950081	-0.036236
68.600000	-0.059978	-0.042441	1.537161	-0.035317
68.700000	-0.068030	-0.027465	1.228391	-0.033744
68.800000	-0.073108	-0.016529	0.398902	-0.031084
68.900000	-0.074991	-0.012181	-0.080670	-0.026635
69.000000	-0.073596	-0.015416	0.284441	-0.019332
69.100000	-0.068985	-0.025495	1.117873	-0.007690
69.200000	-0.061359	-0.040078	1.548877	0.009971
69.300000	-0.051052	-0.055659	1.083834	0.034647
69.400000	-0.038513	-0.068213	0.099954	0.064728
69.500000	-0.024291	-0.073948	-0.532980	0.093776
69.600000	-0.009007	-0.070035	-0.323307	0.111211
69.700000	0.006670	-0.055176	0.352719	0.108744
69.800000	0.022056	-0.029915	0.634435	0.087634
69.900000	0.036478	0.003368	0.050612	0.057491
70.000000	0.049306	0.040783	-0.992656	0.028295
70.100000	0.059978	0.077515	-1.602616	0.005244
70.200000	0.068030	0.108595	-1.283057	-0.010878
70.300000	0.073108	0.129687	-0.428917	-0.021359
70.400000	0.074991	0.137800	0.064049	-0.027880
70.500000	0.073596	0.131776	-0.311217	-0.031832
70.600000	0.068985	0.112476	-1.169086	-0.034188
70.700000	0.061359	0.082641	-1.614557	-0.035578
70.800000	0.051052	0.046444	-1.132225	-0.036387
70.900000	0.038513	0.008813	-0.096498	-0.036848
71.000000	0.024291	-0.025366	0.602331	-0.037093
71.100000	0.009007	-0.052021	0.439974	-0.037194
71.200000	-0.006670	-0.068517	-0.232372	-0.037181
71.300000	-0.022056	-0.074027	-0.556030	-0.037050
71.400000	-0.036478	-0.069588	-0.037447	-0.036763
71.500000	-0.049306	-0.057829	0.950081	-0.036236
71.600000	-0.059978	-0.042441	1.537161	-0.035317
71.700000	-0.068030	-0.027465	1.228391	-0.033744
71.800000	-0.073108	-0.016529	0.398902	-0.031084
71.900000	-0.074991	-0.012181	-0.080670	-0.026635
72.000000	-0.073596	-0.015416	0.284441	-0.019332
72.100000	-0.068985	-0.025495	1.117873	-0.007690
72.200000	-0.061359	-0.040078	1.548877	0.009971
72.300000	-0.051052	-0.055659	1.083834	0.034647
72.400000	-0.038513	-0.068213	0.099954	0.064728
72.500000	-0.024291	-0.073948	-0.532980	0.093776
72.600000	-0.009007	-0.070035	-0.323307	0.111211
72.700000	0.006670	-0.055176	0.352719	0.108744
72.800000	0.022056	-0.029915	0.634435	0.087634
72.900000	0.036478	0.003368	0.050612	0.057491
73.000000	0.049306	0.040783	-0.992656	0.028295
73.100000	0.059978	0.077515	-1.602616	0.005244
73.200000	0.068030	0.108595	-1.283057	-0.010878
73.300000	0.073108	0.129687	-0.428917	-0.021359
73.400000	0.074991	0.137800	0.064049	-0.027880
73.500000	0.073596	0.131776	-0.311217	-0.031832
73.600000	0.068985	0.112476	-1.169086	-0.034188
73.700000	0.061359	0.082641	-1.614557	-0.035578
73.800000	0.051052	0.046444	-1.132225	-0.036387
73.900000	0.038513	0.008813	-0.096498	-0.036848
74.000000	0.024291	-0.025366	0.602331	-0.037093
74.100000	0.009007	-0.052021	0.439974	-0.037194
74.200000	-0.006670	-0.068517	-0.232372	-0.037181
74.300000	-0.022056	-0.074027	-0.556030	-0.037050
74.400000	-0.036478	-0.069588	-0.037447	-0.036763
74.500000	-0.049306	-0.057829	0.950081	-0.036236
74.600000	-0.059978	-0.042441	1.537161	-0.035317
74.700000	-0.068030	-0.027465	1.228391	-0.033744
74.800000	-0.073108	-0.016529	0.398902	-0.031084
74.900000	-0.074991	-0.012181	-0.080670	-0.026635
75.000000	-0.073596	-0.015416	0.284441	-0.019332
75.100000	-0.068985	-0.025495	1.117873	-0.007690
75.200000	-0.061359	-0.040078	1.548877	0.009971
75.300000	-0.051052	-0.055659	1.083834	0.034647
75.400000	-0.038513	-0.068213	0.099954	0.064728
75.500000	-0.024291	-0.073948	-0.532980	0.093776
75.600000	-0.009007	-0.070035	-0.323307	0.111211
75.700000	0.006670	-0.055176	0.352719	0.108744
75.800000	0.022056	-0.029915	0.634435	0.087634
75.900000	0.036478	0.003368	0.050612	0.057491
76.000000	0.049306	0.040783	-0.992656	0.028295
76.100000	0.059978	0.077515	-1.602616	0.005244
76.200000	0.068030	0.108595	-1.283057	-0.010878
76.300000	0.073108	0.129687	-0.428917	-0.021359
76.400000	0.074991	0.137800	0.064049	-0.027880
76.500000	0.073596	0.131776	-0.311217	-0.031832
76.600000	0.068985	0.112476	-1.169086	-0.034188
76.700000	0.061359	0.082641	-1.614557	-0.035578
76.800000	0.051052	0.046444	-1.132225	-0.036387
76.900000	0.038513	0.008813	-0.096498	-0.036848
77.000000	0.024291	-0.025366	0.602331	-0.037093
77.100000	0.009007	-0.052021	0.439974	-0.037194
77.200000	-0.006670	-0.068517	-0.232372	-0.037181
77.300000	-0.022056	-0.074027	-0.556030	-0.037050
77.400000	-0.036478	-0.069588	-0.037447	-0.036763
77.500000	-0.049306	-0.057829	0.950081	-0.036236
77.600000	-0.059978	-0.042441	1.537161	-0.035317
77.700000	-0.068030	-0.027465	1.228391	-0.033744
77.800000	-0.073108	-0.016529	0.398902	-0.031084
77.900000	-0.074991	-0.012181	-0.080670	-0.026635
78.000000	-0.073596	-0.015416	0.284441	-0.019332
78.100000	-0.068985	-0.025495	1.117873	-0.007690
78.200000	-0.061359	-0.040078	1.548877	0.009971
78.300000	-0.051052	-0.055659	1.083834	0.034647
78.400000	-0.038513	-0.068213	0.099954	0.064728
78.500000	-0.024291	-0.073948	-0.532980	0.093776
78.600000	-0.009007	-0.070035	-0.323307	0.111211
78.700000	0.006670	-0.055176	0.352719	0.108744
78.800000	0.022056	-0.029915	0.634435	0.087634
78.900000	0.036478	0.003368	0.050612	0.057491
79.000000	0.049306	0.040783	-0.992656	0.028295
79.100000	0.059978	0.077515	-1.602616	0.005244
79.200000	0.068030	0.108595	-1.283057	-0.010878
79.300000	0.073108	0.129687	-0.428917	-0.021359
79.400000	0.074991	0.137800	0.064049	-0.027880
79.500000	0.073596	0.131776	-0.311217	-0.031832
79.600000	0.068985	0.112476	-1.169086	-0.034188
79.700000	0.061359	0.082641	-1.614557	-0.035578
79.800000	0.051052	0.046444	-1.132225	-0.036387
79.900000	0.038513	0.008813	-0.096498	-0.036848
80.000000	0.024291	-0.025366	0.602331	-0.037093
80.100000	0.009007	-0.052021	0.439974	-0.037194
80.200000	-0.006670	-0.068517	-0.232372	-0.037181
80.300000	-0.022056	-0.074027	-0.556030	-0.037050
80.400000	-0.036478	-0.069588	-0.037447	-0.036763
80.500000	-0.049306	-0.057829	0.950081	-0.036236
80.600000	-0.059978	-0.042441	1.537161	-0.035317
80.700000	-0.068030	-0.027465	1.228391	-0.033744
80.800000	-0.073108	-0.016529	0.398902	-0.031084
80.900000	-0.074991	-0.012181	-0.080670	-0.026635
81.000000	-0.073596	-0.015416	0.284441	-0.019332
81.100000	-0.068985	-0.025495	1.117873	-0.007690
81.200000	-0.061359	-0.040078	1.548877	0.009971
81.300000	-0.051052	-0.055659	1.083834	0.034647
81.400000	-0.038513	-0.068213	0.099954	0.064728
81.500000	-0.024291	-0.073948	-0.532980	0.093776
81.600000	-0.009007	-0.070035	-0.323307	0.111211
81.700000	0.006670	-0.055176	0.352719	0.108744
81.800000	0.022056	-0.029915	0.634435	0.087634
81.900000	0.036478	0.003368	0.050612	0.057491
82.000000	0.049306	0.040783	-0.992656	0.028295
82.100000	0.059978	0.077515	-1.602616	0.005244
82.200000	0.068030	0.108595	-1.283057	-0.010878
82.300000	0.073108	0.129687	-0.428917	-0.021359
82.400000	0.074991	0.137800	0.064049	-0.027880
82.500000	0.073596	0.131776	-0.311217	-0.031832
82.600000	0.068985	0.112476	-1.169086	-0.034188
82.700000	0.061359	0.082641	-1.614557	-0.035578
82.800000	0.051052	0.046444	-1.132225	-0.036387
82.900000	0.038513	0.008813	-0.096498	-0.036848
83.000000	0.024291	-0.025366	0.602331	-0.037093
83.100000	0.009007	-0.052021	0.439974	-0.037194
83.200000	-0.006670	-0.068517	-0.232372	-0.037181
83.300000	-0.022056	-0.074027	-0.556030	-0.037050
83.400000	-0.036478	-0.069588	-0.037447	-0.036763
83.500000	-0.049306	-0.057829	0.950081	-0.036236
83.600000	-0.059978	-0.042441	1.537161	-0.035317
83.700000	-0.068030	-0.027465	1.228391	-0.033744
83.800000	-0.073108	-0.016529	0.398902	-0.031084
83.900000	-0.074991	-0.012181	-0.080670	-0.026635
84.000000	-0.073596	-0.015416	0.284441	-0.019332
84.100000	-0.068985	-0.025495	1.117873	-0.007690
84.200000	-0.061359	-0.040078	1.548877	0.009971
84.300000	-0.051052	-0.055659	1.083834	0.034647
84.400000	-0.038513	-0.068213	0.099954	0.064728
84.500000	-0.024291	-0.073948	-0.532980	0.093776
84.600000	-0.009007	-0.070035	-0.323307	0.111211
84.700000	0.006670	-0.055176	0.352719	0.108744
84.800000	0.022056	-0.029915	0.634435	0.087634
84.900000	0.036478	0.003368	0.050612	0.057491
85.000000	0.049306	0.040783	-0.992656	0.028295
85.100000	0.059978	0.077515	-1.602616	0.005244
85.200000	0.068030	0.108595	-1.283057	-0.010878
85.300000	0.073108	0.129687	-0.428917	-0.021359
85.400000	0.074991	0.137800	0.064049	-0.027880
85.500000	0.073596	0.131776	-0.311217	-0.031832
85.600000	0.068985	0.112476	-1.169086	-0.034188
85.700000	0.061359	0.082641	-1.614557	-0.035578
85.800000	0.051052	0.046444	-1.132225	-0.036387
85.900000	0.038513	0.008813	-0.096498	-0.036848
86.000000	0.024291	-0.025366	0.602331	-0.037093
86.100000	0.009007	-0.052021	0.439974	-0.037194
86.200000	-0.006670	-0.068517	-0.232372	-0.037181
86.300000	-0.022056	-0.074027	-0.556030	-0.037050
86.400000	-0.036478	-0.069588	-0.037447	-0.036763
86.500000	-0.049306	-0.057829	0.950081	-0.036236
86.600000	-0.059978	-0.042441	1.537161	-0.035317
86.700000	-0.068030	-0.027465	1.228391	-0.033744
86.800000	-0.073108	-0.016529	0.398902	-0.031084
86.900000	-0.074991	-0.012181	-0.080670	-0.026635
87.000000	-0.073596	-0.015416	0.284441	-0.019332
87.100000	-0.068985	-0.025495	1.117873	-0.007690
87.200000	-0.061359	-0.040078	1.548877	0.009971
87.300000	-0.051052	-0.055659	1.083834	0.034647
87.400000	-0.038513	-0.068213	0.099954	0.064728
87.500000	-0.024291	-0.073948	-0.532980	0.093776
87.600000	-0.009007	-0.070035	-0.323307	0.111211
87.700000	0.006670	-0.055176	0.352719	0.108744
87.800000	0.022056	-0.029915	0.634435	0.087634
87.900000	0.036478	0.003368	0.050612	0.057491
88.000000	0.049306	0.040783	-0.992656	0.028295
88.100000	0.059978	0.077515	-1.602616	0.005244
88.200000	0.068030	0.108595	-1.283057	-0.010878
88.300000	0.073108	0.129687	-0.428917	-0.021359
88.400000	0.074991	0.137800	0.064049	-0.027880
88.500000	0.073596	0.131776	-0.311217	-0.031832
88.600000	0.068985	0.112476	-1.169086	-0.034188
88.700000	0.061359	0.082641	-1.614557	-0.035578
88.800000	0.051052	0.046444	-1.132225	-0.036387
88.900000	0.038513	0.008813	-0.096498	-0.036848
89.000000	0.024291	-0.025366	0.602331	-0.037093
89.100000	0.009007	-0.052021	0.439974	-0.037194
89.200000	-0.006670	-0.068517	-0.232372	-0.037181
89.300000	-0.022056	-0.074027	-0.556030	-0.037050
89.400000	-0.036478	-0.069588	-0.037447	-0.036763
89.500000	-0.049306	-0.057829	0.950081	-0.036236
89.600000	-0.059978	-0.042441	1.537161	-0.035317
89.700000	-0.068030	-0.027465	1.228391	-0.033744
89.800000	-0.073108	-0.016529	0.398902	-0.031084
89.900000	-0.074991	-0.012181	-0.080670	-0.026635
90.000000	-0.073596	-0.015416	0.284441	-0.019332
90.100000	-0.068985	-0.025495	1.117873	-0.007690
90.200000	-0.061359	-0.040078	1.548877	0.009971
90.300000	-0.051052	-0.055659	1.083834	0.034647
90.400000	-0.038513	-0.068213	0.099954	0.064728
90.500000	-0.024291	-0.073948	-0.532980	0.093776
90.600000	-0.009007	-0.070035	-0.323307	0.111211
90.700000	0.006670	-0.055176	0.352719	0.108744
90.800000	0.022056	-0.029915	0.634435	0.087634
90.900000	0.036478	0.003368	0.050612	0.057491
91.000000	0.049306	0.040783	-0.992656	0.028295
91.100000	0.059978	0.077515	-1.602616	0.005244
91.200000	0.068030	0.108595	-1.283057	-0.010878
91.300000	0.073108	0.129687	-0.428917	-0.021359
91.400000	0.074991	0.137800	0.064049	-0.027880
91.500000	0.073596	0.131776	-0.311217	-0.031832
91.600000	0.068985	0.112476	-1.169086	-0.034188
91.700000	0.061359	0.082641	-1.614557	-0.035578
91.800000	0.051052	0.046444	-1.132225	-0.036387
91.900000	0.038513	0.008813	-0.096498	-0.036848
92.000000	0.024291	-0.025366	0.602331	-0.037093
92.100000	0.009007	-0.052021	0.439974	-0.037194
92.200000	-0.006670	-0.068517	-0.232372	-0.037181
92.300000	-0.022056	-0.074027	-0.556030	-0.037050
92.400000	-0.036478	-0.069588	-0.037447	-0.036763
92.500000	-0.049306	-0.057829	0.950081	-0.036236
92.600000	-0.059978	-0.042441	1.537161	-0.035317
92.700000	-0.068030	-0.027465	1.228391	-0.033744
92.800000	-0.073108	-0.016529	0.398902	-0.031084
92.900000	-0.074991	-0.012181	-0.080670	-0.026635
93.000000	-0.073596	-0.015416	0.284441	-0.019332
93.100000	-0.068985	-0.025495	1.117873	-0.007690
93.200000	-0.061359	-0.040078	1.548877	0.009971
93.300000	-0.051052	-0.055659	1.083834	0.034647
93.400000	-0.038513	-0.068213	0.099954	0.064728
93.500000	-0.024291	-0.073948	-0.532980	0.093776
93.600000	-0.009007	-0.070035	-0.323307	0.111211
93.700000	0.006670	-0.055176	0.352719	0.108744
93.800000	0.022056	-0.029915	0.634435	0.087634
93.900000	0.036478	0.003368	0.050612	0.057491
94.000000	0.049306	0.040783	-0.992656	0.028295
94.100000	0.059978	0.077515	-1.602616	0.005244
94.200000	0.068030	0.108595	-1.283057	-0.010878
94.300000	0.073108	0.129687	-0.428917	-0.021359
94.400000	0.074991	0.137800	0.064049	-0.027880
94.500000	0.073596	0.131776	-0.311217	-0.031832
94.600000	0.068985	0.112476	-1.169086	-0.034188
94.700000	0.061359	0.082641	-1.614557	-0.035578
94.800000	0.051052	0.046444	-1.132225	-0.036387
94.900000	0.038513	0.008813	-0.096498	-0.036848
95.000000	0.024291	-0.025366	0.602331	-0.037093
95.100000	0.009007	-0.052021	0.439974	-0.037194
95.200000	-0.006670	-0.068517	-0.232372	-0.037181
95.300000	-0.022056	-0.074027	-0.556030	-0.037050
95.400000	-0.036478	-0.069588	-0.037447	-0.036763
95.500000	-0.049306	-0.057829	0.950081	-0.036236
95.600000	-0.059978	-0.042441	1.537161	-0.035317
95.700000	-0.068030	-0.027465	1.228391	-0.033744
95.800000	-0.073108	-0.016529	0.398902	-0.031084
95.900000	-0.074991	-0.012181	-0.080670	-0.026635
96.000000	-0.073596	-0.015416	0.284441	-0.019332
96.100000	-0.068985	-0.025495	1.117873	-0.007690
96.200000	-0.061359	-0.040078	1.548877	0.009971
96.300000	-0.051052	-0.055659	1.083834	0.034647
96.400000	-0.038513	-0.068213	0.099954	0.064728
96.500000	-0.024291	-0.073948	-0.532980	0.093776
96.600000	-0.009007	-0.070035	-0.323307	0.111211
96.700000	0.006670	-0.055176	0.352719	0.108744
96.800000	0.022056	-0.029915	0.634435	0.087634
96.900000	0.036478	0.003368	0.050612	0.057491
97.000000	0.049306	0.040783	-0.992656	0.028295
97.100000	0.059978	0.077515	-1.602616	0.005244
97.200000	0.068030	0.108595	-1.283057	-0.010878
97.300000	0.073108	0.129687	-0.428917	-0.021359
97.400000	0.074991	0.137800	0.064049	-0.027880
97.500000	0.073596	0.131776	-0.311217	-0.031832
97.600000	0.068985	0.112476	-1.169086	-0.034188
97.700000	0.061359	0.082641	-1.614557	-0.035578
97.800000	0.051052	0.046444	-1.132225	-0.036387
97.900000	0.038513	0.008813	-0.096498	-0.036848
98.000000	0.024291	-0.025366	0.602331	-0.037093
98.100000	0.009007	-0.052021	0.439974	-0.037194
98.200000	-0.006670	-0.068517	-0.232372	-0.037181
98.300000	-0.022056	-0.074027	-0.556030	-0.037050
98.400000	-0.036478	-0.069588	-0.037447	-0.036763
98.500000	-0.049306	-0.057829	0.950081	-0.036236
98.600000	-0.059978	-0.042441	1.537161	-0.035317
98.700000	-0.068030	-0.027465	1.228391	-0.033744
98.800000	-0.073108	-0.016529	0.398902	-0.031084
98.900000	-0.074991	-0.012181	-0.080670	-0.026635
99.000000	-0.073596	-0.015416	0.284441	-0.019332
99.100000	-0.068985	-0.025495	1.117873	-0.007690
99.200000	-0.061359	-0.040078	1.548877	0.009971
99.300000	-0.051052	-0.055659	1.083834	0.034647
99.400000	-0.038513	-0.068213	0.099954	0.064728
99.500000	-0.024291	-0.073948	-0.532980	0.093776
99.600000	-0.009007	-0.070035	-0.323307	0.111211
99.700000	0.006670	-0.055176	0.352719	0.108744
99.800000	0.022056	-0.029915	0.634435	0.087634
99.900000	0.036478	0.003368	0.050612	0.057491
100.000000	0.049306	0.040783	-0.992656	0.028295
